,ISO_A3,year,cluster,0,1,2,3,4,5,6,7,8,9,10,11,12,13,14
0,BDI,2018,0.0,0.6888137,0.022227583,0.02222759,0.022227582,0.022227585,0.022227626,0.022227598,0.02222762,0.022227606,0.022227589,0.022227578,0.022227576,0.02222759,0.022227578,0.022227582
1,BDI,2019,0.0,0.036642678,0.058289133,0.012061708,0.012061715,0.18036835,0.09512695,0.15596104,0.027676335,0.056060847,0.012061733,0.23637435,0.05160439,0.012061707,0.012061709,0.041587375
2,BDI,2020,0.0,0.01877639,0.055215914,0.01636573,0.02966676,0.035939798,0.4329766,0.031726852,0.033248022,0.10403823,0.077945575,0.059889834,0.051672537,0.011832057,0.029076183,0.011629496
3,BDI,2021,0.0,0.02142362,0.18480688,0.07565025,0.045064475,0.026715675,0.14627121,0.033253103,0.024305036,0.10273346,0.0552255,0.11817386,0.054261632,0.048079424,0.045970388,0.018065462
4,BDI,2022,0.0,0.018420182,0.2389771,0.048044223,0.029069448,0.035615593,0.10875844,0.056944836,0.028602045,0.09751525,0.12559041,0.10543883,0.014932323,0.035775192,0.039695125,0.016620986
5,BDI,2023,0.0,0.011320371,0.349137,0.038688857,0.14437486,0.01922272,0.14775413,0.032580793,0.018618897,0.014305733,0.040219035,0.029163813,0.042921685,0.021552008,0.062083285,0.028056823
6,BEN,2018,0.0,0.01773159,0.17661215,0.070379876,0.017731579,0.066962644,0.041069698,0.017731583,0.1198945,0.15215401,0.09192585,0.12625636,0.017731583,0.017731579,0.048355434,0.017731583
7,BEN,2019,0.0,0.018298704,0.06119786,0.011112654,0.011112656,0.051164977,0.33009702,0.030796489,0.040063277,0.15360613,0.1455482,0.04198585,0.024744902,0.03836725,0.027868621,0.0140354205
8,BEN,2020,0.0,0.030636664,0.15894133,0.05657386,0.13774428,0.021508472,0.1657632,0.025679437,0.05868028,0.035378616,0.045367174,0.039747164,0.10789009,0.04402929,0.039338663,0.032721482
9,BEN,2021,0.0,0.022047654,0.21303262,0.0930745,0.10407582,0.035546754,0.076200634,0.026293598,0.041783653,0.072328836,0.07221514,0.055714678,0.0493132,0.066057496,0.03508469,0.03723073
10,BEN,2022,0.0,0.0524415,0.120953746,0.1054202,0.064136155,0.033198595,0.07013772,0.04742448,0.042020556,0.088615805,0.08549641,0.0751993,0.069476284,0.072713114,0.037388757,0.03537739
11,BEN,2023,0.0,0.025801182,0.08019202,0.07059926,0.117028356,0.025905395,0.09004456,0.08190127,0.049185168,0.12424958,0.08307103,0.052892808,0.09052445,0.050910674,0.031236364,0.026457876
12,BFA,2018,0.0,0.011118863,0.011118866,0.6837502,0.011118868,0.011118865,0.01111888,0.011118871,0.17170441,0.011118894,0.011118871,0.011118884,0.011118875,0.011118883,0.011118873,0.011118865
13,BFA,2019,0.0,0.012489343,0.026313167,0.027213704,0.012489346,0.11951337,0.07877631,0.020516181,0.104754664,0.062355958,0.20356491,0.093905196,0.12766086,0.063190445,0.018364385,0.02889216
14,BFA,2020,0.0,0.02918917,0.23082058,0.080394804,0.029048305,0.009695569,0.086591475,0.009695581,0.01756414,0.30090386,0.03778615,0.04336822,0.016388282,0.016904417,0.038942117,0.052707333
15,BFA,2021,0.0,0.028744617,0.18044381,0.091683045,0.16767302,0.034105565,0.093942896,0.025370246,0.048650045,0.046294086,0.0707754,0.048299048,0.06510116,0.03985997,0.031504743,0.027552351
16,BFA,2022,0.0,0.032988083,0.15479481,0.12151758,0.06376001,0.040951557,0.06449879,0.030663567,0.03152591,0.11939205,0.096947074,0.043408092,0.03124027,0.081296116,0.03553127,0.051484823
17,BFA,2023,0.0,0.03815104,0.12324654,0.08528481,0.08336547,0.036490444,0.040220615,0.06781146,0.047428012,0.07899848,0.052725453,0.032567613,0.107344,0.04744912,0.039577987,0.11933895
18,BGD,2016,0.0,0.01777975,0.41777462,0.017779756,0.017779754,0.017779753,0.017779822,0.01777976,0.017779788,0.017779754,0.017779766,0.01777976,0.01777976,0.01777976,0.3510885,0.017779749
19,BGD,2017,0.0,0.03335108,0.03335108,0.03335108,0.03335108,0.03335108,0.03335108,0.03335108,0.03335108,0.03335108,0.03335108,0.03335108,0.03335108,0.03335108,0.53308487,0.03335108
20,BGD,2018,0.0,0.019100932,0.16551168,0.22396435,0.057252068,0.04480773,0.092241704,0.024004702,0.03081243,0.06659044,0.06461419,0.072555915,0.03329917,0.063056886,0.020836098,0.021351684
21,BGD,2019,0.0,0.02628963,0.23825432,0.08076822,0.06745018,0.056118634,0.09717228,0.030840041,0.04312776,0.06615073,0.06004999,0.0611986,0.044194914,0.035195075,0.04595681,0.0472328
22,BGD,2020,0.0,0.017887373,0.15636902,0.08631723,0.1285393,0.039350804,0.16011675,0.028535021,0.031072652,0.06841334,0.03799974,0.0865127,0.05414194,0.050801005,0.034561977,0.019381173
23,BGD,2021,0.0,0.015990127,0.0708856,0.24279577,0.12679449,0.17731214,0.025897002,0.016482117,0.018061316,0.033671193,0.03533005,0.03258187,0.04251785,0.09577177,0.04096824,0.024940487
24,BGD,2022,0.0,0.019373152,0.075299,0.22774504,0.10928434,0.06864326,0.035130132,0.021407932,0.024660429,0.06358406,0.050817005,0.031276107,0.055399507,0.14875972,0.0487415,0.019878827
25,BGD,2023,0.0,0.022829799,0.09386995,0.1144983,0.109081715,0.023437193,0.049882468,0.025743468,0.034596175,0.17019963,0.108347,0.039606296,0.03731957,0.09819712,0.051035877,0.021355461
26,BGR,2018,0.0,0.021319821,0.18883666,0.07602893,0.054903205,0.04347456,0.084452294,0.047224283,0.038873296,0.087311275,0.11232403,0.06352215,0.07770385,0.04534831,0.028874561,0.029802771
27,BGR,2019,0.0,0.021657415,0.15306336,0.17196544,0.039489154,0.043287776,0.07614265,0.053499367,0.042090688,0.098851204,0.09265331,0.07454386,0.043959085,0.035069916,0.03178996,0.021936838
28,BGR,2020,0.0,0.02484141,0.18133909,0.06278334,0.06034126,0.04700695,0.1013044,0.03593442,0.06669384,0.086274296,0.085049,0.08938619,0.04515458,0.03924989,0.03969423,0.034947112
29,BGR,2021,0.0,0.03505812,0.17922285,0.07222658,0.048596222,0.03443211,0.08533874,0.045256637,0.06083792,0.10953966,0.09271445,0.059263553,0.056577057,0.037695117,0.040072102,0.04316891
30,BGR,2022,0.0,0.033211306,0.06547199,0.058159743,0.036972463,0.018414695,0.11181402,0.023249088,0.043241363,0.08846488,0.2639759,0.02933359,0.1448638,0.03471505,0.028772738,0.019339422
31,BGR,2023,0.0,0.045457657,0.11687808,0.05549602,0.07196028,0.033263754,0.058817327,0.04050145,0.073866546,0.086897954,0.07830846,0.0488718,0.16848534,0.05743146,0.032268904,0.03149496
32,BTN,2018,0.0,0.0194685,0.0276286,0.0673036,0.046112143,0.14394456,0.13753977,0.012522773,0.019635184,0.1435371,0.08417963,0.06493995,0.08054681,0.082162626,0.04364391,0.026834833
33,BTN,2019,0.0,0.043515883,0.034745127,0.04608197,0.014765294,0.06672684,0.1760878,0.09015367,0.06991379,0.07509787,0.107160814,0.1102316,0.05747455,0.029211085,0.05321139,0.025622316
34,BTN,2020,0.0,0.010969543,0.12003339,0.086103424,0.02238196,0.09862683,0.07837687,0.02556079,0.01645524,0.15405492,0.10575104,0.15917407,0.04479387,0.0203895,0.041010186,0.016318362
35,BTN,2021,0.0,0.032266613,0.14126359,0.07695105,0.017319825,0.04757392,0.09128553,0.049486194,0.022698233,0.11556712,0.15288797,0.070802756,0.0846517,0.03913097,0.045292944,0.0128215635
36,BTN,2022,0.0,0.040679704,0.046781693,0.100807585,0.045701444,0.03146751,0.057158656,0.06583545,0.060209658,0.066129036,0.070833385,0.12797847,0.1445929,0.04266602,0.07921061,0.019947862
37,BTN,2023,0.0,0.011939944,0.1929628,0.115650676,0.058768112,0.04867187,0.06283128,0.096984945,0.03933433,0.04866886,0.15976885,0.039316557,0.03831998,0.03294362,0.021609822,0.032228347
38,CMR,2018,0.0,0.017838197,0.2088038,0.059531875,0.031477183,0.049871393,0.14365599,0.038385134,0.018170023,0.1340198,0.059390903,0.09506304,0.047414638,0.034529522,0.017780585,0.04406791
39,CMR,2019,0.0,0.02238552,0.13533169,0.05156049,0.025910012,0.057725627,0.16482991,0.03665019,0.066444665,0.14784792,0.07627265,0.066942185,0.039283734,0.036906943,0.03038317,0.041525308
40,CMR,2020,0.0,0.0292938,0.15093595,0.057838064,0.028894026,0.030563874,0.17572258,0.035412714,0.048267376,0.1270492,0.085221164,0.095763825,0.039746217,0.031730805,0.043281015,0.020279387
41,CMR,2021,0.0,0.010749287,0.38368246,0.032547,0.052871052,0.017923217,0.1994929,0.020321796,0.024525456,0.040061157,0.08115045,0.0685502,0.021900402,0.0133892605,0.015581858,0.01725351
42,CMR,2022,0.0,0.022166774,0.2136009,0.09211132,0.113455035,0.033199254,0.13257027,0.03473314,0.043055445,0.05374329,0.09192354,0.058928825,0.020741021,0.021161819,0.03043257,0.038176827
43,CMR,2023,0.0,0.01932987,0.11451769,0.04390223,0.07805654,0.044194587,0.115765125,0.03761328,0.05295831,0.1351419,0.099236056,0.06614315,0.08034975,0.039802726,0.027565202,0.0454236
44,COD,2017,0.0,0.022222767,0.022222782,0.022222785,0.022222767,0.37393236,0.02222277,0.022222782,0.022222785,0.33717155,0.022222778,0.022222767,0.022222778,0.022222772,0.022222796,0.022222765
45,COD,2018,0.0,0.01258531,0.03758809,0.012585331,0.057709634,0.047990534,0.10564575,0.070730336,0.018045567,0.08886455,0.055764418,0.15995502,0.1399866,0.037615657,0.07458757,0.08034561
46,COD,2019,0.0,0.04360674,0.18564335,0.039340116,0.039361034,0.045418505,0.12656617,0.020811716,0.06890943,0.11974839,0.06240587,0.115677826,0.035332114,0.03942356,0.035831362,0.021923818
47,COD,2020,0.0,0.035572145,0.16217467,0.080074735,0.058501348,0.02505966,0.0911654,0.043366026,0.040665403,0.10747838,0.050141823,0.097636744,0.08776348,0.04335456,0.05796032,0.019085305
48,COD,2021,0.0,0.018345186,0.20268895,0.07994113,0.05293341,0.049942665,0.097068466,0.03850412,0.04415796,0.124180794,0.047343947,0.105347976,0.06357388,0.026805775,0.02233805,0.026827704
49,COD,2022,0.0,0.011613315,0.06969357,0.03146154,0.059446804,0.02199914,0.5498574,0.015167727,0.016791886,0.05126439,0.03406394,0.023827277,0.031657897,0.026336243,0.018738918,0.038079966
50,COD,2023,0.0,0.0345299,0.057980914,0.08814054,0.123495184,0.057132613,0.0919784,0.03957924,0.048740458,0.110333495,0.0712782,0.05388383,0.07516043,0.059457425,0.056626435,0.03168294
51,CUB,2017,0.0,0.015025036,0.015025017,0.015025029,0.133717,0.0150250215,0.015025081,0.015025038,0.015025035,0.47245294,0.015025156,0.11686306,0.0150250215,0.015025012,0.015025012,0.11169152
52,CUB,2018,0.0,0.020429756,0.060930416,0.09905276,0.015333493,0.02816606,0.054763585,0.048667997,0.092162505,0.2323685,0.07292272,0.093053706,0.11418067,0.0153335035,0.028780451,0.023853892
53,CUB,2019,0.0,0.02233313,0.16891871,0.047634825,0.037329312,0.04579093,0.12032114,0.038899906,0.06190291,0.14743207,0.059196983,0.0867848,0.056597345,0.031425066,0.03886194,0.03657092
54,CUB,2020,0.0,0.04544976,0.22463848,0.04460371,0.030689873,0.036090795,0.10897171,0.04149245,0.055895176,0.091404215,0.045435887,0.061129354,0.065271005,0.07751605,0.021577543,0.049833994
55,CUB,2021,0.0,0.053142805,0.033566628,0.049115732,0.027770117,0.025493607,0.054392237,0.022478074,0.04966259,0.12685807,0.13965823,0.047257308,0.22438893,0.050007526,0.076245606,0.019962555
56,CUB,2022,0.0,0.0736805,0.05123724,0.053077392,0.03252207,0.029270014,0.06472416,0.034587596,0.053935733,0.11544994,0.14116706,0.048487447,0.17050596,0.04075682,0.062255435,0.02834262
57,CUB,2023,0.0,0.051776994,0.09825908,0.032359984,0.050896358,0.046090405,0.1435291,0.029616833,0.07433786,0.09254258,0.111543015,0.059967384,0.102370456,0.041972212,0.03039578,0.03434196
58,GAB,2018,0.0,0.009526213,0.009526239,0.009526229,0.009526228,0.009526216,0.00952622,0.0095262155,0.009526215,0.009526254,0.0095262155,0.8666328,0.009526218,0.009526214,0.009526213,0.009526246
59,GAB,2019,0.0,0.098508306,0.017476987,0.15628782,0.017476972,0.017476976,0.044121947,0.017476987,0.017477002,0.14918277,0.0316557,0.29464024,0.03546355,0.017476978,0.06780073,0.017476989
60,GAB,2020,0.0,0.016372923,0.44413877,0.016372954,0.016372928,0.016372925,0.01637298,0.1763618,0.18302417,0.016372953,0.01637296,0.016372934,0.016372923,0.01637292,0.016372917,0.016372945
61,GAB,2021,0.0,0.04270649,0.25715402,0.042751815,0.068476155,0.03657278,0.09811353,0.024870234,0.064114876,0.07287945,0.09537384,0.033054404,0.025681043,0.017341794,0.038174693,0.082734875
62,GAB,2022,0.0,0.020392695,0.28334764,0.06727674,0.027678713,0.024495747,0.09914847,0.05503404,0.1405857,0.06010251,0.05533707,0.06870854,0.024014613,0.030770412,0.025127396,0.017979728
63,GAB,2023,0.0,0.010143528,0.05833959,0.038104564,0.18313053,0.0627572,0.07468351,0.010143525,0.13488768,0.032068532,0.031828135,0.027362429,0.026822269,0.21149488,0.0705482,0.027685426
64,GEO,2016,0.0,0.011111646,0.01111165,0.011111688,0.011111653,0.011111654,0.011111659,0.011111662,0.011111655,0.8444368,0.011111648,0.011111663,0.011111654,0.011111651,0.011111654,0.011111647
65,GEO,2018,0.0,0.019231973,0.17518716,0.07799291,0.024526127,0.057282943,0.07825991,0.028301226,0.05583689,0.08513146,0.17787464,0.06844484,0.039373435,0.060040154,0.024979215,0.02753714
66,GEO,2019,0.0,0.03229987,0.11098583,0.03561087,0.04666768,0.028238095,0.106011495,0.022582423,0.09623729,0.06492532,0.18974619,0.060379572,0.08546781,0.057619587,0.033348,0.029879993
67,GEO,2020,0.0,0.027748628,0.2540053,0.03514915,0.08157133,0.020024298,0.10105808,0.0209355,0.07444003,0.12488117,0.06606117,0.06805319,0.038817205,0.041651636,0.024671985,0.020931326
68,GEO,2021,0.0,0.14508699,0.08905776,0.09040582,0.04473732,0.022807295,0.05153993,0.07493478,0.04940874,0.08540446,0.097526275,0.08725399,0.054097597,0.03245989,0.048874855,0.026404295
69,GEO,2022,0.0,0.07219095,0.06886975,0.07397021,0.04475775,0.028904907,0.07233281,0.03682907,0.06359957,0.13570265,0.10930806,0.046690915,0.1178541,0.052617878,0.05012611,0.026245266
70,GEO,2023,0.0,0.071270004,0.08561606,0.07170393,0.049283575,0.04002242,0.08640596,0.038595647,0.053563833,0.1200549,0.11591696,0.06779391,0.09206575,0.03414417,0.04532929,0.028233573
71,IDN,2015,0.0,0.022616781,0.11811218,0.09849786,0.09079802,0.02261679,0.022616787,0.12913994,0.093322344,0.116143726,0.05163726,0.09717795,0.022616787,0.039636105,0.052450713,0.022616776
72,IDN,2016,0.0,0.039832227,0.05383122,0.04064115,0.037306745,0.041945547,0.0912425,0.055020403,0.078619406,0.08777637,0.1032771,0.0804464,0.08071798,0.09859192,0.069561824,0.041189212
73,IDN,2017,0.0,0.0266492,0.08465682,0.03535515,0.1645348,0.050936293,0.08378194,0.06302146,0.059136752,0.14477415,0.1175132,0.052485805,0.041927833,0.029533284,0.032477077,0.013216217
74,IDN,2018,0.0,0.02563389,0.16541703,0.08376459,0.061764225,0.052918024,0.104380146,0.03215902,0.050165445,0.078658216,0.10030115,0.09781968,0.04354038,0.039405897,0.033478834,0.030593479
75,IDN,2019,0.0,0.029608678,0.14905478,0.061110247,0.06436664,0.053244624,0.1059508,0.035537273,0.06260104,0.09111699,0.09626163,0.08955662,0.057767957,0.033884555,0.03727198,0.032666184
76,IDN,2020,0.0,0.02989933,0.14847563,0.048223972,0.06912744,0.038523167,0.09683333,0.03164009,0.10599491,0.0924875,0.06868775,0.06235516,0.06424722,0.038360085,0.07299729,0.03214714
77,IDN,2021,0.0,0.041651297,0.071385376,0.11801538,0.087132506,0.057425536,0.042936422,0.027374843,0.05885823,0.068163045,0.06074727,0.04017384,0.08195193,0.064978614,0.12746045,0.051745262
78,IDN,2022,0.0,0.12730542,0.046428587,0.05922275,0.12829685,0.042793438,0.052649576,0.03326142,0.06870677,0.05586157,0.058466222,0.044253673,0.08171373,0.05197445,0.10964399,0.039421573
79,IDN,2023,0.0,0.059975646,0.075568445,0.06982814,0.10305574,0.046014495,0.06195258,0.033321448,0.05797593,0.08389282,0.06899932,0.042852327,0.08395157,0.07472639,0.101340584,0.03654456
80,IND,2015,0.0,0.013473788,0.013473789,0.1394173,0.013473787,0.02322385,0.10787899,0.03310647,0.025406627,0.13376175,0.08737225,0.13931252,0.1552197,0.023649395,0.03327819,0.057951577
81,IND,2016,0.0,0.027410561,0.07997111,0.05120602,0.051422153,0.0808638,0.13297227,0.058075342,0.023883924,0.044388384,0.16536716,0.086785026,0.06430775,0.026859554,0.067428224,0.039058726
82,IND,2017,0.0,0.03784751,0.13441072,0.042854458,0.050171122,0.11406506,0.1274886,0.019362334,0.031633105,0.100776054,0.094010234,0.10457638,0.04932493,0.029734565,0.035159558,0.028585356
83,IND,2018,0.0,0.023985554,0.13115688,0.0659326,0.046030216,0.065210074,0.14159164,0.035906363,0.05154565,0.08871687,0.08337398,0.09014395,0.054234628,0.042503584,0.036950503,0.042717535
84,IND,2019,0.0,0.022773467,0.12503068,0.076231405,0.04462164,0.075096674,0.113640584,0.032088365,0.057408564,0.09926309,0.09013641,0.0980752,0.050531227,0.041004002,0.038165495,0.0359332
85,IND,2020,0.0,0.021697285,0.100349985,0.058082655,0.036706034,0.04813293,0.0930031,0.027310252,0.057520412,0.07808104,0.071076296,0.16388981,0.14701734,0.032765932,0.03367908,0.03068783
86,IND,2021,0.0,0.033595864,0.12698348,0.10124723,0.058004186,0.056355126,0.06592851,0.027828878,0.04541997,0.07812807,0.07046254,0.10124744,0.06215448,0.073738374,0.043327995,0.055577856
87,IND,2022,0.0,0.04908507,0.08977884,0.054735444,0.045556396,0.039114505,0.065822035,0.03353225,0.08354307,0.07854134,0.079578586,0.07111277,0.07804506,0.10577056,0.0438971,0.08188698
88,IND,2023,0.0,0.05969569,0.12889352,0.062423415,0.05221733,0.036307197,0.08145175,0.035319634,0.055244274,0.09581765,0.09440986,0.07260367,0.07400338,0.04815755,0.05997314,0.043481924
89,KHM,2016,0.0,0.011133785,0.011133797,0.011133799,0.011133784,0.19563341,0.011133791,0.2192909,0.0111337835,0.011133859,0.4514701,0.0111338,0.011133789,0.011133785,0.0111338245,0.011133807
90,KHM,2018,0.0,0.02363092,0.16606328,0.0420515,0.026191283,0.037355132,0.16078293,0.031791482,0.06800252,0.08064167,0.05433002,0.07636797,0.0423555,0.044414487,0.08827714,0.057744157
91,KHM,2019,0.0,0.01894376,0.19003987,0.04504921,0.031391304,0.044494733,0.088856205,0.02934998,0.08549794,0.08390033,0.067275435,0.15827364,0.04300255,0.033781376,0.06023732,0.01990635
92,KHM,2020,0.0,0.021715492,0.18212448,0.056996897,0.05353116,0.02908398,0.09913723,0.035112347,0.058620714,0.08625287,0.06067663,0.077905916,0.10985213,0.036376957,0.060183078,0.032430116
93,KHM,2021,0.0,0.05915673,0.042337723,0.039722186,0.017520966,0.024877312,0.054327868,0.014778541,0.04224407,0.034841605,0.06917591,0.075622015,0.0608776,0.021403708,0.42734724,0.015766533
94,KHM,2022,0.0,0.061613336,0.060766354,0.035827275,0.017256444,0.020537972,0.02871535,0.024729887,0.063759744,0.046468552,0.13939664,0.073405266,0.057165492,0.01802478,0.33291176,0.019421134
95,KHM,2023,0.0,0.020586314,0.25403714,0.061930824,0.035078846,0.020481925,0.040409233,0.13487253,0.04507524,0.055098303,0.093769565,0.032246243,0.037928898,0.021477064,0.118060276,0.028947601
96,LAO,2018,0.0,0.018404124,0.21573421,0.100138284,0.096188106,0.046845295,0.06771085,0.021683343,0.033205926,0.0903708,0.11124767,0.06689844,0.033940803,0.05022011,0.026742263,0.020669777
97,LAO,2019,0.0,0.021918492,0.1706396,0.25317717,0.034594882,0.034022626,0.056803104,0.019221598,0.040342636,0.050794933,0.07297894,0.08763364,0.030894991,0.076921806,0.023133151,0.026922433
98,LAO,2020,0.0,0.03020044,0.25509554,0.08743379,0.04973932,0.01712068,0.1138208,0.038915705,0.022759868,0.09351135,0.10292335,0.063723385,0.024101662,0.029729811,0.031841345,0.039082967
99,LAO,2021,0.0,0.023583775,0.20897032,0.07365445,0.07580688,0.016689137,0.10549139,0.04747702,0.02699996,0.09588378,0.06689653,0.08797609,0.062239666,0.012954119,0.047626425,0.04775046
100,LAO,2022,0.0,0.026899425,0.12753782,0.03857571,0.09654615,0.03350674,0.08937597,0.03700317,0.039485402,0.057648502,0.1000291,0.07545922,0.17603427,0.0252376,0.023241485,0.053419426
101,LAO,2023,0.0,0.03179086,0.18900853,0.051212184,0.03947215,0.024943598,0.041890122,0.01665923,0.051902983,0.08040624,0.15278338,0.076433375,0.11329691,0.039247174,0.053662617,0.037290633
102,LKA,2016,0.0,0.011133022,0.011133005,0.1774812,0.011133015,0.011132998,0.01113302,0.011133002,0.011133055,0.48285276,0.011133012,0.20606984,0.011133002,0.011133002,0.011133004,0.011133001
103,LKA,2018,0.0,0.027154658,0.11461964,0.06876144,0.050792616,0.07053794,0.17080218,0.038767144,0.055939604,0.0832579,0.08037256,0.071432576,0.0656631,0.05346098,0.030303383,0.018134303
104,LKA,2019,0.0,0.021127278,0.15870267,0.08035535,0.047838803,0.05161295,0.08540318,0.036699,0.08112841,0.09756364,0.1128965,0.07420626,0.045888204,0.0419942,0.047124103,0.017459441
105,LKA,2020,0.0,0.02349017,0.15109815,0.063155755,0.045759607,0.056191154,0.13635528,0.031579405,0.07974273,0.09696461,0.089985825,0.088683926,0.046021983,0.03925615,0.033671547,0.018043702
106,LKA,2021,0.0,0.030883774,0.18319242,0.06845834,0.059916325,0.039011855,0.090886116,0.03543,0.050074223,0.090987176,0.091127165,0.09096864,0.048969626,0.0475226,0.03090462,0.041667115
107,LKA,2022,0.0,0.040004298,0.1370305,0.06592564,0.055357024,0.033226527,0.07205134,0.03544759,0.045286343,0.12309761,0.10975951,0.08235266,0.06265089,0.05945327,0.04147836,0.036878444
108,LKA,2023,0.0,0.088046074,0.13996191,0.06501062,0.051782407,0.032979067,0.08771943,0.03350414,0.048220627,0.089332946,0.091599226,0.06009178,0.0542416,0.044118375,0.071501605,0.04189018
109,MAR,2016,0.0,0.019625485,0.350439,0.019625485,0.019625518,0.01962554,0.019625532,0.39442942,0.019625498,0.019625552,0.019625492,0.019625487,0.019625496,0.019625487,0.019625485,0.019625485
110,MAR,2018,0.0,0.022906827,0.13542482,0.11796871,0.03742521,0.062339164,0.08310651,0.033937246,0.050688528,0.06102092,0.043924976,0.05970131,0.1272717,0.10542942,0.033135477,0.025719196
111,MAR,2019,0.0,0.0231374,0.1533579,0.07191845,0.044286672,0.06917292,0.101810895,0.043867446,0.050514523,0.10211118,0.06519021,0.074068874,0.06593317,0.053361494,0.046693105,0.03457578
112,MAR,2020,0.0,0.040266585,0.19239943,0.045720175,0.059020758,0.052947365,0.119334586,0.028655376,0.07505247,0.08148633,0.07362929,0.085314006,0.029995227,0.03771126,0.04176535,0.036701787
113,MAR,2021,0.0,0.039284617,0.17723726,0.07839436,0.058881473,0.03334759,0.08226531,0.031496394,0.039563823,0.12653266,0.0729012,0.062644474,0.060969334,0.050763313,0.05683774,0.02888045
114,MAR,2022,0.0,0.05540347,0.17407154,0.055590227,0.0839673,0.044945437,0.06900653,0.061046243,0.04240678,0.118562356,0.09100044,0.038461387,0.05450785,0.03396763,0.032261655,0.04480115
115,MAR,2023,0.0,0.052979607,0.14373055,0.17466916,0.042840663,0.045759127,0.06332212,0.050603583,0.042761978,0.07789682,0.059755277,0.0406705,0.06873651,0.035580713,0.07553689,0.02515649
116,MDG,2018,0.0,0.008814782,0.0088147875,0.19630489,0.0088147875,0.06867927,0.061945386,0.026101388,0.0088148,0.13223496,0.20288634,0.17636546,0.008814782,0.02705047,0.04452324,0.019834647
117,MDG,2019,0.0,0.014116075,0.1778859,0.023503745,0.01411608,0.053231407,0.17073093,0.10792455,0.13625596,0.014116082,0.06763145,0.073831126,0.051690295,0.053977095,0.026873214,0.014116069
118,MDG,2020,0.0,0.019587236,0.107728384,0.047881037,0.031635568,0.053971585,0.17533754,0.12635411,0.08482867,0.016313856,0.037069924,0.075014055,0.03104408,0.09606584,0.042182427,0.0549857
119,MDG,2021,0.0,0.06442429,0.14872225,0.08710762,0.05672582,0.03527249,0.118096024,0.052147668,0.08059118,0.111817636,0.072586454,0.04653965,0.058351528,0.021362469,0.029348807,0.016906103
120,MDG,2022,0.0,0.043767724,0.07817886,0.044636346,0.10392181,0.030457746,0.049703117,0.080547474,0.061071575,0.06148572,0.12677713,0.061124753,0.07280503,0.039610054,0.03723143,0.10868124
121,MDG,2023,0.0,0.02036598,0.045555998,0.026559902,0.07930289,0.016753549,0.05875624,0.018068114,0.106841974,0.06745463,0.09786578,0.056839958,0.031923,0.11296074,0.15861344,0.102137804
122,MMR,2017,0.0,0.011129368,0.011129445,0.011129418,0.011129368,0.01112939,0.011129452,0.011129427,0.011129414,0.011129423,0.011129372,0.60451174,0.011129372,0.25080606,0.011129396,0.01112937
123,MMR,2018,0.0,0.015297602,0.15647708,0.06747745,0.04786217,0.033317525,0.15969302,0.017181206,0.035263784,0.061116334,0.10125751,0.13453227,0.06925853,0.023883838,0.04438857,0.032993104
124,MMR,2019,0.0,0.02060266,0.15855123,0.053651806,0.060619686,0.071510516,0.13063496,0.030820033,0.061301716,0.090198286,0.08991321,0.08364309,0.039692268,0.034529466,0.0411028,0.03322827
125,MMR,2020,0.0,0.033226278,0.2026819,0.036733616,0.09487539,0.032582607,0.14067684,0.03163191,0.06909421,0.073879264,0.04808639,0.05061183,0.075478055,0.039556153,0.052301943,0.018583603
126,MMR,2021,0.0,0.025413804,0.07928122,0.16674349,0.13657963,0.081611134,0.04573105,0.023745537,0.020482885,0.050202973,0.0505995,0.039594088,0.042677075,0.18677986,0.023472687,0.027085083
127,MMR,2022,0.0,0.04084568,0.08656781,0.12824634,0.059981093,0.02620926,0.074919045,0.028352393,0.0898594,0.07634006,0.08790153,0.037061274,0.10878113,0.056859016,0.059970185,0.038105767
128,MMR,2023,0.0,0.022334335,0.091685496,0.080409676,0.09937113,0.031872835,0.12008435,0.02742102,0.03382966,0.0726344,0.09135283,0.040832035,0.0631386,0.12722124,0.07481179,0.023000598
129,NGA,2015,0.0,0.025427818,0.26069364,0.04682561,0.01139771,0.04028278,0.11571894,0.028536618,0.05470468,0.062012576,0.1028614,0.09396669,0.056981064,0.055776596,0.033416178,0.01139771
130,NGA,2016,0.0,0.015208941,0.03861237,0.0152089475,0.065879755,0.105519205,0.031135924,0.015208942,0.09436029,0.12744834,0.22603194,0.14016436,0.015208946,0.015208941,0.07959414,0.01520894
131,NGA,2017,0.0,0.02659176,0.23363169,0.012781424,0.031576294,0.08317115,0.19553107,0.042853408,0.055177752,0.037507012,0.044773657,0.1265623,0.012781423,0.071498215,0.0127814235,0.0127814235
132,NGA,2018,0.0,0.024282834,0.19285223,0.058364604,0.04627465,0.047770794,0.11780094,0.029961003,0.04615103,0.1087827,0.10425507,0.08541659,0.03813219,0.036599685,0.030818917,0.03253676
133,NGA,2019,0.0,0.021936275,0.16028126,0.05510983,0.035965756,0.04919692,0.12390314,0.03612891,0.051852033,0.13665755,0.09118558,0.091890484,0.044098943,0.0391937,0.034010354,0.028589282
134,NGA,2020,0.0,0.021186123,0.23267156,0.046426784,0.04973105,0.046774052,0.1144485,0.027696587,0.04820578,0.12902246,0.07012369,0.07935215,0.040306564,0.034550164,0.0321283,0.027376235
135,NGA,2021,0.0,0.027869023,0.15832652,0.13428974,0.06588272,0.036872726,0.073541604,0.028951392,0.038592774,0.1074491,0.06381953,0.06768569,0.04121215,0.07629139,0.041401975,0.037813663
136,NGA,2022,0.0,0.042552155,0.11841287,0.08938037,0.07826948,0.03366978,0.07349352,0.05039904,0.051479314,0.116086714,0.093219586,0.058689173,0.06255479,0.057067435,0.038768694,0.035957083
137,NGA,2023,0.0,0.027377684,0.12470635,0.08686375,0.124202274,0.037750967,0.076987825,0.050092995,0.042189755,0.10183324,0.089881785,0.061312437,0.052813735,0.056418635,0.035216685,0.032351874
138,PAK,2015,0.0,0.017857881,0.017857878,0.18509999,0.01785789,0.017857883,0.017857878,0.017857885,0.1157479,0.10079445,0.017857889,0.017857876,0.017857881,0.017857878,0.18283531,0.23694354
139,PAK,2018,0.0,0.019554757,0.15703373,0.047198813,0.06331876,0.0784268,0.14676037,0.03335909,0.048871003,0.098729216,0.08063527,0.08320776,0.032450706,0.03708318,0.04831995,0.025050577
140,PAK,2019,0.0,0.021710644,0.14455006,0.07540882,0.04022548,0.047624413,0.1172626,0.029288996,0.05446426,0.11414445,0.07945841,0.110592164,0.05094171,0.04337317,0.043911785,0.027043026
141,PAK,2020,0.0,0.019198932,0.16020314,0.085425146,0.03582827,0.034423478,0.11578248,0.027759654,0.049614877,0.10347288,0.059100285,0.11897834,0.046911974,0.071369834,0.04029937,0.03163136
142,PAK,2021,0.0,0.026098771,0.14163081,0.058908653,0.06136754,0.18946798,0.081321865,0.02333924,0.03612641,0.06895252,0.06736855,0.068042375,0.042972945,0.0340537,0.065155305,0.035193324
143,PAK,2022,0.0,0.047824506,0.12767158,0.06341132,0.09752234,0.04321888,0.06763444,0.029074263,0.0910192,0.07605123,0.10506885,0.062491953,0.068473905,0.047744237,0.040055607,0.032737687
144,PAK,2023,0.0,0.03871683,0.15367614,0.10570216,0.09018393,0.031102361,0.07809898,0.04090321,0.04720099,0.08835782,0.09036865,0.07193978,0.048968267,0.042415597,0.037761435,0.034603838
145,PHL,2015,0.0,0.022004144,0.06631413,0.09346219,0.050771218,0.04993691,0.1524924,0.021916784,0.07261961,0.083179615,0.076295845,0.03360636,0.1020081,0.06145384,0.082811765,0.0311271
146,PHL,2016,0.0,0.031827103,0.12750497,0.08385102,0.027043864,0.059998956,0.15728241,0.028162058,0.08452165,0.08633475,0.08134216,0.038766798,0.09124795,0.043421227,0.02789224,0.030802831
147,PHL,2017,0.0,0.06826518,0.047498792,0.05544266,0.02465557,0.078055486,0.07351284,0.0622542,0.12761678,0.072018765,0.12329984,0.104953535,0.035696723,0.033403184,0.035931107,0.057395358
148,PHL,2018,0.0,0.028701067,0.11426432,0.054800868,0.040842284,0.04935101,0.13752392,0.03892118,0.08584887,0.109472364,0.08556519,0.075982146,0.059235204,0.035564817,0.050349426,0.03357733
149,PHL,2019,0.0,0.025706574,0.10844039,0.056161467,0.04391569,0.048691325,0.1155434,0.0351451,0.09415727,0.100717396,0.08700464,0.070179366,0.06481001,0.042662036,0.07282884,0.03403651
150,PHL,2020,0.0,0.02537253,0.13453987,0.074937135,0.062516965,0.04050693,0.103634186,0.034688797,0.08794068,0.08927468,0.059962284,0.06968995,0.061443146,0.044310346,0.076691136,0.03449134
151,PHL,2021,0.0,0.030077077,0.07590976,0.04805166,0.08387863,0.034646105,0.06529994,0.031967133,0.081784554,0.06064909,0.06990887,0.049649775,0.072602116,0.048278566,0.20967586,0.03762086
152,PHL,2022,0.0,0.03384116,0.06996635,0.05291477,0.1085489,0.038423643,0.06992555,0.032444317,0.060676586,0.07520369,0.072827294,0.052804824,0.11290306,0.07877456,0.09983886,0.04090644
153,PHL,2023,0.0,0.034111973,0.09990721,0.08791468,0.07545049,0.0394523,0.08410613,0.046653457,0.056726523,0.09614945,0.078323275,0.071059346,0.07901213,0.056041524,0.058599107,0.0364924
154,ROU,2015,0.0,0.016739836,0.5163114,0.016739834,0.016739832,0.01673983,0.016739842,0.01673983,0.26607075,0.016739832,0.016739847,0.016739834,0.016739832,0.016739832,0.01673984,0.016739832
155,ROU,2016,0.0,0.031491492,0.031491514,0.23250242,0.031491507,0.28141284,0.031491518,0.031491496,0.031491503,0.031491507,0.03149151,0.031491518,0.031491518,0.031491492,0.10818666,0.031491496
156,ROU,2018,0.0,0.02306884,0.15286846,0.061238416,0.025369892,0.067403056,0.14454205,0.032241642,0.048322093,0.0911266,0.08793524,0.07582927,0.064831086,0.06264732,0.031253967,0.031322062
157,ROU,2019,0.0,0.020568874,0.23815511,0.06250909,0.049764074,0.047771513,0.087786905,0.032752134,0.052555062,0.108978085,0.0813142,0.07644155,0.032500498,0.04388621,0.029755559,0.03526115
158,ROU,2020,0.0,0.036296055,0.2659125,0.037603494,0.057889137,0.04249528,0.0954306,0.029805081,0.043500066,0.11034027,0.062321983,0.07291333,0.03766199,0.039947197,0.035802323,0.032080688
159,ROU,2021,0.0,0.0670319,0.18949246,0.04660873,0.055572014,0.028656257,0.07634034,0.0424121,0.040832654,0.096941926,0.07763775,0.10226641,0.058940914,0.03998128,0.044684924,0.032600354
160,ROU,2022,0.0,0.048318293,0.11180074,0.061678022,0.04786495,0.029886024,0.06700985,0.029135842,0.05061075,0.10000643,0.12490109,0.049577694,0.13978049,0.0702372,0.035539966,0.03365266
161,ROU,2023,0.0,0.03730995,0.082165666,0.05509451,0.06283006,0.020680873,0.07158648,0.02474134,0.07019254,0.062699534,0.062427096,0.32005593,0.04979101,0.029732805,0.026676217,0.024015993
162,RWA,2017,0.0,0.0060785427,0.006078563,0.006078538,0.0060785725,0.0060785348,0.0060785464,0.0060785436,0.006078536,0.62857324,0.006078581,0.0060785483,0.19006082,0.10842331,0.006078536,0.006078539
163,RWA,2018,0.0,0.0226347,0.12305677,0.05487654,0.026835928,0.04430791,0.19618405,0.05054148,0.03354436,0.088202074,0.08395825,0.08876612,0.08191334,0.047642883,0.031838518,0.025697056
164,RWA,2019,0.0,0.012949352,0.14340244,0.0782286,0.03568993,0.06993338,0.16082115,0.026942588,0.04192824,0.094481096,0.07143357,0.1067018,0.06824588,0.03485511,0.034014396,0.020372465
165,RWA,2020,0.0,0.0202766,0.11689158,0.045329005,0.022714479,0.054345395,0.074860655,0.032564186,0.05017182,0.11897242,0.062950216,0.063799776,0.03732122,0.03060695,0.25090766,0.018288072
166,RWA,2021,0.0,0.014841849,0.17153499,0.031473264,0.021045223,0.032011025,0.07308325,0.23931663,0.04025952,0.053844396,0.050743368,0.041022632,0.03361024,0.022226859,0.15913633,0.015850438
167,RWA,2022,0.0,0.048275735,0.09854195,0.10854144,0.033238698,0.044118874,0.07764845,0.04668176,0.048357107,0.126188,0.12153362,0.0600754,0.051352043,0.03242995,0.06115466,0.041862328
168,RWA,2023,0.0,0.01818322,0.13239178,0.079588875,0.13177498,0.043839652,0.07253447,0.05001081,0.03519914,0.08371239,0.052626424,0.08519047,0.10190234,0.042377286,0.046901688,0.023766477
169,SLB,2018,0.0,0.015977055,0.015977088,0.047997706,0.015977064,0.039197646,0.3763653,0.10657785,0.015977068,0.1645232,0.08879029,0.015977059,0.015977088,0.01597715,0.015977059,0.048731416
170,SLB,2019,0.0,0.014834191,0.1158776,0.014834198,0.014834198,0.014834198,0.014834228,0.014834194,0.23576128,0.20211226,0.14511234,0.014834193,0.06724766,0.014834189,0.10038107,0.014834218
171,SLB,2020,0.0,0.011204519,0.0112045305,0.011204519,0.011204517,0.17762904,0.011204525,0.011204517,0.1781226,0.011204519,0.011204525,0.3414169,0.011204517,0.011204519,0.17958176,0.01120452
172,SLB,2022,0.0,0.011072412,0.15922192,0.01107241,0.0110724075,0.011072405,0.011072451,0.01107241,0.41136026,0.011072424,0.011072423,0.011072421,0.011072423,0.01107242,0.29654884,0.011072405
173,SLB,2023,0.0,0.0074314377,0.51665795,0.0074314196,0.0074314284,0.007431437,0.0074314284,0.0074314247,0.1720978,0.007431417,0.007431426,0.0074314303,0.08604698,0.0074314196,0.1434515,0.0074314526
174,SLE,2018,0.0,0.019047923,0.09776279,0.039470036,0.074658394,0.06520506,0.13515937,0.023554236,0.06834127,0.08683265,0.150401,0.08713953,0.09118563,0.010858937,0.014842631,0.035540532
175,SLE,2019,0.0,0.02338508,0.18704988,0.05912219,0.01991383,0.043110594,0.17054152,0.01582347,0.08459051,0.115905724,0.08280526,0.065349676,0.04169843,0.02750143,0.039728045,0.023474347
176,SLE,2020,0.0,0.038741313,0.08794616,0.051637486,0.03268741,0.038294297,0.25061283,0.05441703,0.05597125,0.0625013,0.044052623,0.060934216,0.11648489,0.039960008,0.04920759,0.016551586
177,SLE,2021,0.0,0.01044147,0.42282093,0.016342178,0.008890963,0.008760439,0.032549158,0.016475916,0.015028148,0.049755406,0.013125335,0.16489708,0.0073210928,0.19639789,0.0149614485,0.022232573
178,SLE,2022,0.0,0.10603727,0.07943428,0.08888617,0.04981212,0.03249074,0.05810597,0.030587759,0.04721813,0.17007461,0.0876467,0.04786969,0.047137707,0.024222797,0.03556186,0.09491417
179,SLE,2023,0.0,0.031626806,0.15687327,0.07990543,0.054352157,0.0456778,0.06553807,0.027259585,0.08020352,0.1353267,0.06381038,0.08363925,0.030972429,0.060138907,0.024073148,0.060602546
180,SUR,2018,0.0,0.021525498,0.11576443,0.13669375,0.052734043,0.06942446,0.23208366,0.0533465,0.038152244,0.11343363,0.061854616,0.050645567,0.005119682,0.023354737,0.016306747,0.009560428
181,SUR,2019,0.0,0.013270465,0.11909485,0.08266743,0.041000143,0.04027226,0.18116382,0.035474814,0.019947644,0.1582244,0.11983843,0.100070305,0.017554,0.02598419,0.018521754,0.026915487
182,SUR,2020,0.0,0.015122938,0.0744636,0.02915883,0.04882099,0.027194535,0.06087379,0.021504434,0.033074573,0.09987331,0.051973708,0.045482736,0.045483135,0.099262565,0.31387162,0.033839248
183,SUR,2021,0.0,0.026363699,0.27945256,0.04786189,0.040040165,0.041009177,0.11865683,0.03280197,0.040636465,0.09290268,0.075117834,0.0789342,0.039019827,0.031498924,0.03418046,0.021523315
184,SUR,2022,0.0,0.09109649,0.100895755,0.0877973,0.082766935,0.03250484,0.08254327,0.023404019,0.043083772,0.16202423,0.065132566,0.04727117,0.02755379,0.10938639,0.020401765,0.024137722
185,SUR,2023,0.0,0.025460728,0.24705167,0.08180452,0.064857416,0.016659934,0.21648873,0.017255275,0.026385974,0.07079715,0.06007555,0.09281689,0.023773743,0.016659938,0.019926611,0.019985856
186,SYR,2018,0.0,0.021006355,0.021006368,0.093325,0.021006346,0.021006385,0.41160378,0.021006351,0.021006376,0.021006363,0.12784931,0.021006374,0.021006353,0.13615188,0.021006359,0.02100636
187,SYR,2019,0.0,0.017904734,0.15216394,0.027507382,0.0306846,0.02592708,0.14840662,0.00879916,0.02927197,0.09228053,0.17899643,0.11601351,0.070443355,0.026145235,0.043090023,0.032365438
188,SYR,2020,0.0,0.014043044,0.1399208,0.110520855,0.044237427,0.025183374,0.09921683,0.024903635,0.036868036,0.15324841,0.09026016,0.10373391,0.07143669,0.043154392,0.02876355,0.014508882
189,SYR,2021,0.0,0.021191021,0.096644476,0.38939843,0.034912273,0.022749105,0.049708992,0.023611806,0.03720401,0.06548062,0.07228804,0.046722103,0.044485223,0.044740804,0.027094772,0.02376834
190,SYR,2022,0.0,0.019780586,0.12241696,0.47833478,0.048510946,0.011284082,0.027508503,0.019173497,0.13672748,0.019975731,0.015301738,0.020399634,0.03584613,0.01699443,0.016306877,0.011438605
191,SYR,2023,0.0,0.010747461,0.051198605,0.04657462,0.0123171,0.016359977,0.0926187,0.030671548,0.08433991,0.07026939,0.025851198,0.04543587,0.07737421,0.055664245,0.367985,0.012592173
192,TGO,2018,0.0,0.008404595,0.36610332,0.008404575,0.008404604,0.008404612,0.008404597,0.124095656,0.04533771,0.09948257,0.008404587,0.11987295,0.10708707,0.0084045725,0.008404584,0.070783965
193,TGO,2019,0.0,0.078467324,0.08709136,0.114125855,0.014664401,0.1285189,0.068257555,0.030476004,0.014664389,0.10292911,0.08631526,0.09733462,0.056300014,0.072303884,0.03388694,0.014664385
194,TGO,2020,0.0,0.029659921,0.14683948,0.025358552,0.046340615,0.021503255,0.12720616,0.017747104,0.05407787,0.094971046,0.18332049,0.13402088,0.0106208455,0.014175268,0.03902927,0.055129234
195,TGO,2021,0.0,0.019028323,0.32682785,0.147894,0.093924716,0.0313172,0.07458663,0.019104619,0.038979396,0.04739801,0.030848997,0.040726867,0.035159577,0.023623036,0.03734616,0.03323464
196,TGO,2022,0.0,0.06053722,0.1126243,0.08935321,0.07256071,0.027696237,0.09644202,0.031072399,0.074638195,0.08696991,0.08980536,0.045182887,0.04866361,0.065093644,0.045227576,0.05413271
197,TGO,2023,0.0,0.0261856,0.081698805,0.047816683,0.15160283,0.06653036,0.06757178,0.06595509,0.051332604,0.105659425,0.09271401,0.05643491,0.05237493,0.03113792,0.071558475,0.031426568
198,UKR,2015,0.0,0.016714597,0.45667976,0.016714606,0.016714618,0.016714614,0.016714627,0.01671462,0.016714621,0.016714644,0.016714666,0.016714612,0.0167146,0.32603022,0.016714599,0.016714621
199,UKR,2016,0.0,0.116541766,0.012223326,0.012223322,0.012223314,0.012223339,0.42888105,0.012223322,0.012223316,0.012223327,0.012223324,0.012223335,0.30789733,0.012223314,0.012223314,0.012223314
200,UKR,2017,0.0,0.014826912,0.1623419,0.014826914,0.2440461,0.014826909,0.11893443,0.014826936,0.014826925,0.17550056,0.15090783,0.014826934,0.014826912,0.014826913,0.014826909,0.014826925
201,UKR,2018,0.0,0.12791163,0.19745614,0.095057115,0.049447604,0.04411662,0.09172639,0.028512584,0.03740289,0.07312264,0.068228714,0.07231552,0.032826256,0.03363861,0.019789943,0.028447324
202,UKR,2019,0.0,0.021605575,0.14159226,0.057849877,0.051457696,0.04393864,0.19880278,0.026935076,0.04405106,0.093026884,0.09000686,0.072236314,0.056145657,0.03968488,0.039481398,0.023185052
203,UKR,2020,0.0,0.024098987,0.2123176,0.0479357,0.050858334,0.045373127,0.09947974,0.025696902,0.06356677,0.13102941,0.06153679,0.059134807,0.081300505,0.03302605,0.036640253,0.028005008
204,UKR,2021,0.0,0.06676658,0.08790753,0.05568219,0.05959146,0.0280799,0.07216955,0.037705876,0.044574343,0.12556683,0.13694711,0.052257534,0.10122681,0.044396453,0.04549971,0.041628134
205,UKR,2022,0.0,0.040437307,0.05673382,0.042742934,0.02551178,0.055783764,0.1158498,0.068492986,0.033514917,0.06711424,0.2707223,0.027168268,0.079270035,0.025831811,0.07481924,0.016006807
206,UKR,2023,0.0,0.07924974,0.06549934,0.058081385,0.035425805,0.027682567,0.08795949,0.035454825,0.08046231,0.1085417,0.16630927,0.04277357,0.103629164,0.034451086,0.051828522,0.022651229
207,UZB,2018,0.0,0.018905679,0.23914827,0.01890568,0.018905675,0.018905673,0.018905686,0.018905684,0.09864333,0.18539132,0.15218,0.13558027,0.01890568,0.018905679,0.018905682,0.01890568
208,UZB,2019,0.0,0.01344953,0.20531835,0.044127807,0.035994213,0.064842746,0.15274946,0.015332435,0.0323462,0.15763827,0.081435814,0.07388373,0.02004506,0.04650013,0.029451648,0.026884595
209,UZB,2020,0.0,0.0102591645,0.21001105,0.04373222,0.20061852,0.0642698,0.079347715,0.017857378,0.022407927,0.13376483,0.07071749,0.036154386,0.010259167,0.020074904,0.032027245,0.04849819
210,UZB,2021,0.0,0.052309945,0.09582895,0.065670915,0.06963147,0.037989587,0.07641321,0.028441753,0.047894977,0.12314237,0.12129864,0.0733007,0.08309668,0.031720065,0.055674516,0.037586235
