,ISO_A3,year,cluster,0,1,2,3,4,5,6,7,8,9
0,AFG,2018,1.0,0.17930378,0.11978303,0.058924668,0.0720513,0.025051992,0.03740858,0.056354295,0.22930582,0.124969006,0.09684754
1,AFG,2019,1.0,0.09507894,0.046073306,0.09539981,0.15827496,0.06922758,0.083012834,0.114039324,0.1265418,0.12713595,0.085215494
2,AFG,2020,1.0,0.090121895,0.086705,0.059166465,0.09733286,0.18458232,0.061110552,0.08799193,0.08925963,0.19385998,0.049869366
3,AFG,2021,1.0,0.050875273,0.17261234,0.046927646,0.14528689,0.10718953,0.07088846,0.07420552,0.06655882,0.21484281,0.05061273
4,AFG,2022,1.0,0.08640965,0.09559867,0.05342929,0.08311115,0.13555822,0.08508584,0.14552477,0.06430103,0.17791325,0.07306815
5,AFG,2023,1.0,0.061275758,0.1471742,0.033242576,0.17556903,0.08517981,0.11355814,0.048022337,0.07548025,0.20360073,0.056897152
6,AGO,2018,1.0,0.019575225,0.19909763,0.08209804,0.019578008,0.019577622,0.064670265,0.1786306,0.15911026,0.08466778,0.17299455
7,AGO,2019,1.0,0.07904792,0.091738835,0.13935536,0.18748295,0.09641891,0.020151127,0.11801767,0.11674942,0.096918575,0.054119226
8,AGO,2020,1.0,0.08814675,0.07560842,0.16159007,0.15203893,0.057076704,0.07987358,0.09690815,0.07017423,0.15150212,0.06708108
9,AGO,2021,1.0,0.4163174,0.04291607,0.17116779,0.0777315,0.032990452,0.031021845,0.11924434,0.044736795,0.039941512,0.023932297
10,AGO,2022,1.0,0.06293404,0.093539916,0.09217366,0.07742244,0.13244396,0.08003568,0.13882518,0.084505945,0.15738575,0.08073342
11,AGO,2023,1.0,0.019931305,0.24147199,0.05938189,0.15725388,0.17046717,0.03544644,0.077032976,0.121381186,0.03793911,0.07969405
12,ARG,2016,1.0,0.05425117,0.13751945,0.054251157,0.054249767,0.11676164,0.054249536,0.1790788,0.13757269,0.15781689,0.05424892
13,ARG,2017,1.0,0.3231789,0.019797418,0.019795606,0.13089105,0.019797921,0.15821889,0.019796655,0.14453557,0.14419103,0.019796943
14,ARG,2018,1.0,0.08603181,0.116847485,0.060729127,0.10977123,0.13023156,0.063309774,0.09190901,0.13060068,0.13037956,0.08018976
15,ARG,2019,1.0,0.079230495,0.11063857,0.058958817,0.09225963,0.13220231,0.06956106,0.087948,0.14410104,0.135667,0.08943309
16,ARG,2020,1.0,0.07620168,0.14437534,0.05676369,0.10943351,0.09707191,0.075094625,0.10572031,0.11199562,0.14711294,0.07623041
17,ARG,2021,1.0,0.059321433,0.1462297,0.050900757,0.08705764,0.11609505,0.07753992,0.10868623,0.13070352,0.12999716,0.09346857
18,ARG,2022,1.0,0.06011251,0.1215591,0.07057144,0.09205485,0.1117916,0.0591611,0.13522594,0.16061684,0.10184806,0.08705856
19,ARG,2023,1.0,0.061546683,0.12059825,0.049840648,0.095910385,0.10223832,0.056133926,0.106103316,0.18443187,0.112671316,0.11052529
20,ASM,2018,1.0,0.029179778,0.02917618,0.029177157,0.029177813,0.029182218,0.2791078,0.11574113,0.029176734,0.40090224,0.029178925
21,ASM,2019,1.0,0.28114623,0.03128012,0.0312896,0.03128495,0.2432594,0.0312798,0.031281497,0.25661296,0.031284537,0.031280912
22,AZE,2018,1.0,0.087719284,0.15534371,0.10244493,0.08832929,0.09895267,0.06562827,0.16998768,0.079708144,0.04512211,0.1067639
23,AZE,2019,1.0,0.08168732,0.17015783,0.055749264,0.11036411,0.059905164,0.04348123,0.21110962,0.097576536,0.08607532,0.08389358
24,AZE,2020,1.0,0.058995456,0.11178471,0.08399092,0.10883531,0.055211205,0.051711358,0.27521473,0.10896534,0.10315222,0.04213875
25,AZE,2021,1.0,0.029650157,0.115685515,0.032779902,0.06427635,0.07908507,0.056045532,0.15900889,0.13656962,0.11746586,0.2094331
26,AZE,2022,1.0,0.040151145,0.32036504,0.03320113,0.049405135,0.062872514,0.039006054,0.25201628,0.06317711,0.048158962,0.09164661
27,AZE,2023,1.0,0.058808986,0.10297086,0.060353413,0.097635515,0.100447565,0.05653429,0.11809964,0.20627218,0.065001495,0.13387604
28,BLR,2018,1.0,0.0749119,0.1143639,0.057522926,0.12642454,0.09619018,0.07309363,0.15361977,0.10033871,0.13366367,0.06987079
29,BLR,2019,1.0,0.13476042,0.10006162,0.05041742,0.1573811,0.07763561,0.08306047,0.10188023,0.05858382,0.12589203,0.11032727
30,BLR,2020,1.0,0.05344055,0.17535548,0.072873645,0.15172955,0.07667051,0.12571175,0.10813611,0.096344255,0.06944903,0.070289105
31,BLR,2021,1.0,0.07749433,0.09866696,0.032169417,0.07745263,0.11049582,0.15518089,0.1000627,0.07751769,0.07803602,0.19292355
32,BLR,2022,1.0,0.077361375,0.15168236,0.043904625,0.076127104,0.13392423,0.042244185,0.12952659,0.1756949,0.06537039,0.104164265
33,BLR,2023,1.0,0.13187718,0.15972458,0.06844011,0.09048044,0.12717274,0.058382954,0.08522209,0.094097,0.08477547,0.09982745
34,BOL,2018,1.0,0.049666733,0.14683767,0.09612733,0.1124605,0.0469947,0.01539439,0.08082532,0.20836501,0.18834136,0.054987
35,BOL,2019,1.0,0.07866017,0.13940519,0.022894923,0.08831382,0.050924197,0.04792064,0.1305422,0.17220716,0.24600637,0.023125319
36,BOL,2020,1.0,0.024465116,0.11778964,0.03967161,0.11494777,0.09968211,0.034537505,0.22383417,0.17843787,0.09992181,0.066712394
37,BOL,2021,1.0,0.042913053,0.17049548,0.04592498,0.08742724,0.13937902,0.044149257,0.10193459,0.16658525,0.12119853,0.079992585
38,BOL,2022,1.0,0.04019896,0.12022317,0.043144815,0.069244534,0.15248485,0.047123272,0.12090591,0.2122954,0.11369797,0.08068112
39,BOL,2023,1.0,0.06426448,0.17160371,0.037867796,0.15220378,0.1201526,0.027960265,0.08629439,0.07398051,0.19175223,0.07392026
40,BRA,2015,1.0,0.03338836,0.033390045,0.033386253,0.6995022,0.033393845,0.033386454,0.033388115,0.033388022,0.033389136,0.033387553
41,BRA,2016,1.0,0.02013646,0.03988375,0.03913001,0.1659694,0.0458452,0.0905908,0.06354993,0.19323342,0.298427,0.04323406
42,BRA,2017,1.0,0.023021283,0.14791673,0.15614495,0.09560657,0.023024725,0.07511295,0.023022823,0.21216057,0.10074756,0.14324182
43,BRA,2018,1.0,0.06361828,0.114843965,0.053056814,0.10483589,0.07936243,0.05806363,0.23712778,0.0962332,0.11880968,0.07404835
44,BRA,2019,1.0,0.07983806,0.14610784,0.05928366,0.09871792,0.110686995,0.06250801,0.09212708,0.12389342,0.1414837,0.085353315
45,BRA,2020,1.0,0.073841006,0.13424748,0.054642975,0.10817516,0.14128897,0.07437486,0.07315074,0.10592024,0.16366841,0.07069017
46,BRA,2021,1.0,0.074399106,0.13034306,0.05129471,0.107649036,0.10106092,0.10609822,0.10930391,0.12678826,0.11846686,0.07459592
47,BRA,2022,1.0,0.06160201,0.119190484,0.05408515,0.082121976,0.12244543,0.07080721,0.13004263,0.14122383,0.114483096,0.10399817
48,BRA,2023,1.0,0.05965986,0.11763034,0.049961634,0.10495815,0.11670665,0.067024775,0.13916278,0.12589139,0.12802015,0.09098427
49,BWA,2018,1.0,0.05853859,0.12048836,0.06408702,0.09715472,0.111474864,0.042662878,0.12058045,0.16304305,0.17163824,0.05033184
50,BWA,2019,1.0,0.094658725,0.10911265,0.0848043,0.10949669,0.1045855,0.055998657,0.10157789,0.1258415,0.1468374,0.06708668
51,BWA,2020,1.0,0.072087854,0.12929451,0.07886288,0.10493367,0.143994,0.053204466,0.078580424,0.1333309,0.15592657,0.0497847
52,BWA,2021,1.0,0.05157755,0.16116956,0.054955773,0.08085922,0.12371692,0.070284106,0.1237644,0.10375687,0.14349146,0.08642413
53,BWA,2022,1.0,0.058994707,0.15078123,0.05227972,0.12833643,0.100979365,0.05117219,0.101359986,0.12783372,0.15634601,0.07191663
54,BWA,2023,1.0,0.09583061,0.11834181,0.075714104,0.063545145,0.19301842,0.07512458,0.088295296,0.123994395,0.14512727,0.021008378
55,CAF,2019,1.0,0.007705707,0.0077049118,0.0077046906,0.37949362,0.0077058426,0.0077052205,0.15301713,0.41355252,0.0077053355,0.0077050445
56,CAF,2021,1.0,0.014294823,0.014294698,0.014292546,0.014293408,0.014294855,0.014293168,0.44392657,0.44172364,0.014294057,0.014292213
57,CAF,2022,1.0,0.38383782,0.040663242,0.028314687,0.12739928,0.06165207,0.0883137,0.08891655,0.05885667,0.056639373,0.065406606
58,COG,2018,1.0,0.027206752,0.027208546,0.027206752,0.32297003,0.027207624,0.027208045,0.027209172,0.2649079,0.22166826,0.027206937
59,COG,2019,1.0,0.06251715,0.029527808,0.05595448,0.27380294,0.04294563,0.19089054,0.07039881,0.17493829,0.07410767,0.024916656
60,COG,2020,1.0,0.021759927,0.115076035,0.075611584,0.1321645,0.07424154,0.008652711,0.18841472,0.11324954,0.20054048,0.07028897
61,COG,2021,1.0,0.01902848,0.103690915,0.05881134,0.08704598,0.1094038,0.16250059,0.08065153,0.20387001,0.07267211,0.10232524
62,COG,2022,1.0,0.0307805,0.27237883,0.03481372,0.055499442,0.14057714,0.0371417,0.029301697,0.09740254,0.06768564,0.2344188
63,COL,2015,1.0,0.014301322,0.014300584,0.014301532,0.32119104,0.014301918,0.014300008,0.014300835,0.5643966,0.014305553,0.014300572
64,COL,2016,1.0,0.02293536,0.21037726,0.022934586,0.022934867,0.2312269,0.022934452,0.022938741,0.14727578,0.18952826,0.10691379
65,COL,2017,1.0,0.03339176,0.69945693,0.03339179,0.033392366,0.033392083,0.033392083,0.033400275,0.033392616,0.033392005,0.03339806
66,COL,2018,1.0,0.058413256,0.1033993,0.053109474,0.086129844,0.09668045,0.046878878,0.17425407,0.101625636,0.10003849,0.17947058
67,COL,2019,1.0,0.061013717,0.12561575,0.04648623,0.11099526,0.15562743,0.05914389,0.076919094,0.10932012,0.11940756,0.13547096
68,COL,2020,1.0,0.066683404,0.14260809,0.055262957,0.12454972,0.11140996,0.082629204,0.09617009,0.120097384,0.13998471,0.06060448
69,COL,2021,1.0,0.13753168,0.30278158,0.0409145,0.076729946,0.07221355,0.052943755,0.090996765,0.08747528,0.08886181,0.049551137
70,COL,2022,1.0,0.030956319,0.08719376,0.028074551,0.0582405,0.12720183,0.037091546,0.059725914,0.08056215,0.051712964,0.4392405
71,COL,2023,1.0,0.0458067,0.12029586,0.037135832,0.12236456,0.101255864,0.05869852,0.11790465,0.20194153,0.097977094,0.09661938
72,DJI,2018,1.0,0.03943375,0.12283084,0.013502262,0.26598218,0.047296897,0.110440776,0.050119177,0.2252733,0.111618795,0.013502051
73,DJI,2019,1.0,0.09881396,0.09879518,0.020224277,0.191073,0.036097106,0.029821085,0.12519339,0.121527545,0.16252674,0.115927674
74,DJI,2020,1.0,0.052481495,0.07867435,0.060067922,0.11182861,0.075576596,0.07855426,0.12790316,0.22626224,0.14868474,0.039966613
75,DJI,2021,1.0,0.02919266,0.11471701,0.06621766,0.17298725,0.11839138,0.07672095,0.082478665,0.14225717,0.10610195,0.0909353
76,DJI,2022,1.0,0.06534933,0.06929374,0.02819139,0.25152236,0.027121045,0.04822003,0.07800547,0.25303295,0.13679148,0.042472206
77,DJI,2023,1.0,0.04236617,0.033475544,0.039411385,0.12629062,0.08218001,0.023546191,0.13430075,0.16550891,0.28148407,0.07143635
78,DOM,2016,1.0,0.060013272,0.06001208,0.06001445,0.3078862,0.06001569,0.06001284,0.060014084,0.21200508,0.060013343,0.06001299
79,DOM,2017,1.0,0.026213856,0.026216097,0.026216246,0.109678365,0.026214125,0.24840279,0.026217783,0.45840594,0.026220217,0.026214562
80,DOM,2018,1.0,0.13829757,0.09325275,0.05419096,0.116793215,0.15694395,0.052752666,0.07772044,0.08820063,0.1342649,0.08758294
81,DOM,2019,1.0,0.088343926,0.17098904,0.06583945,0.086831845,0.117270805,0.0885889,0.07650852,0.089931644,0.14679515,0.06890072
82,DOM,2020,1.0,0.061129864,0.14816889,0.07044101,0.08516745,0.12249912,0.048460316,0.07808946,0.112665854,0.19076918,0.08260885
83,DOM,2021,1.0,0.064398766,0.14921756,0.05581037,0.10556078,0.09508347,0.06314771,0.12341535,0.10969127,0.15750267,0.07617206
84,DOM,2022,1.0,0.07008175,0.12770078,0.05193924,0.06846483,0.15620022,0.056286216,0.10018937,0.19600973,0.08586482,0.08726306
85,DOM,2023,1.0,0.06565729,0.13456553,0.04543112,0.07305641,0.104770675,0.05432671,0.12976566,0.15798092,0.12033723,0.11410844
86,DZA,2016,1.0,0.08964263,0.009622444,0.009621449,0.009621498,0.009621827,0.009621889,0.00962102,0.09277238,0.009622358,0.75023246
87,DZA,2018,1.0,0.016985182,0.0671538,0.016985843,0.11889211,0.016986255,0.03940381,0.076578416,0.31366315,0.23836344,0.094987966
88,DZA,2019,1.0,0.06918097,0.22841302,0.05506079,0.08873155,0.06463247,0.06662096,0.08930941,0.11256916,0.16959666,0.055885024
89,DZA,2020,1.0,0.1394729,0.1182097,0.048426498,0.11103675,0.08296809,0.11004769,0.09858297,0.11086102,0.093630046,0.08676433
90,DZA,2021,1.0,0.054547064,0.11084707,0.12332389,0.08516252,0.08681151,0.110177286,0.13312533,0.112653315,0.103842564,0.07950945
91,DZA,2022,1.0,0.058352765,0.09897128,0.06509155,0.07608021,0.09887111,0.1741914,0.11548807,0.11463068,0.09842215,0.09990078
92,DZA,2023,1.0,0.048160475,0.087508634,0.042604785,0.06443842,0.07671936,0.08522898,0.11510675,0.07817886,0.13390012,0.2681536
93,ECU,2016,1.0,0.022414472,0.022416394,0.022414982,0.022414878,0.11647402,0.022415515,0.022416227,0.5360966,0.022414893,0.19052212
94,ECU,2017,1.0,0.033356722,0.033357996,0.03335688,0.03334927,0.28329787,0.2833427,0.19987893,0.033353575,0.033355676,0.03335042
95,ECU,2018,1.0,0.12986968,0.09777433,0.114244536,0.16077188,0.10158036,0.10645859,0.033772685,0.098573804,0.10888313,0.048070997
96,ECU,2019,1.0,0.07373888,0.122634836,0.059085947,0.08164766,0.1049349,0.07135593,0.07964004,0.16790667,0.16951266,0.0695425
97,ECU,2020,1.0,0.03071442,0.38298708,0.028013242,0.12770547,0.09304013,0.03454965,0.04532529,0.10976258,0.085113645,0.06278852
98,ECU,2021,1.0,0.11361589,0.119621076,0.047825124,0.09700559,0.07617824,0.10286168,0.12977952,0.11670156,0.110893846,0.0855175
99,ECU,2022,1.0,0.07801034,0.102718405,0.09503581,0.074829996,0.10226437,0.0714388,0.15537219,0.1118127,0.1117429,0.09677449
100,ECU,2023,1.0,0.04409012,0.17392457,0.0428172,0.0788276,0.12997353,0.03352165,0.10004168,0.17585279,0.16461687,0.05633398
101,EGY,2017,1.0,0.012527546,0.8873131,0.012519066,0.012518746,0.012520143,0.012517827,0.012519599,0.012523296,0.01252125,0.012519379
102,EGY,2018,1.0,0.06662909,0.15488024,0.057000697,0.10374885,0.1440384,0.066649236,0.105166465,0.12498623,0.106046334,0.070854455
103,EGY,2019,1.0,0.052843384,0.26928434,0.05143403,0.0962607,0.07222845,0.048490178,0.075755976,0.10264478,0.090643525,0.14041466
104,EGY,2020,1.0,0.0903235,0.12658136,0.06462852,0.11209748,0.08390303,0.084774755,0.0733961,0.14925592,0.1244079,0.090631455
105,EGY,2021,1.0,0.07636263,0.1348853,0.06751095,0.110094726,0.08591095,0.07803206,0.0994894,0.104572065,0.14146276,0.101679176
106,EGY,2022,1.0,0.05727002,0.07744972,0.038296055,0.06153744,0.2102675,0.16752213,0.08620942,0.17151412,0.0781758,0.051757805
107,EGY,2023,1.0,0.091271296,0.12263112,0.043218073,0.08061553,0.11609846,0.14083335,0.089765966,0.10145915,0.12723438,0.086872675
108,ETH,2015,1.0,0.013416142,0.08685526,0.013415029,0.013415823,0.013415227,0.013415141,0.013415254,0.013414949,0.80582315,0.013414024
109,ETH,2017,1.0,0.019211147,0.08887404,0.019209994,0.019208483,0.019213442,0.11461775,0.019210234,0.305244,0.3563246,0.03888628
110,ETH,2018,1.0,0.09168056,0.07126194,0.07532138,0.15117465,0.084380426,0.06404088,0.11537538,0.16478467,0.114465594,0.06751454
111,ETH,2019,1.0,0.08204509,0.07685008,0.06291957,0.11629898,0.07869555,0.059968606,0.13320617,0.20850156,0.11441591,0.06709847
112,ETH,2020,1.0,0.08140465,0.06671303,0.070216306,0.12483521,0.0827299,0.05922958,0.12154671,0.209892,0.11700784,0.06642478
113,ETH,2021,1.0,0.077332154,0.05518597,0.06589396,0.17024237,0.06937261,0.07524585,0.11345533,0.1900188,0.12701653,0.05623642
114,ETH,2022,1.0,0.06748632,0.067917384,0.062510915,0.16686922,0.074078515,0.083620496,0.113055445,0.19399561,0.1031634,0.06730269
115,ETH,2023,1.0,0.07134391,0.06278593,0.057938777,0.105369024,0.07979061,0.06905263,0.11625241,0.26586372,0.10044792,0.07115505
116,FJI,2018,1.0,0.17378418,0.024087042,0.024086181,0.17403531,0.02408661,0.06482528,0.17407742,0.14291567,0.17402007,0.024082258
117,FJI,2019,1.0,0.01877695,0.14475569,0.018776508,0.14726382,0.11873509,0.018777195,0.111633755,0.11156684,0.19655415,0.11315999
118,FJI,2020,1.0,0.05399432,0.13363382,0.032987,0.07429324,0.11349212,0.01517165,0.13230968,0.09300013,0.30805466,0.04306339
119,FJI,2021,1.0,0.020839788,0.2894138,0.07265183,0.2254144,0.020839145,0.020837506,0.16752154,0.020837687,0.14080624,0.020838061
120,FJI,2022,1.0,0.14955877,0.19224049,0.01591117,0.08167772,0.12047687,0.015912436,0.022902338,0.18801728,0.14198731,0.07131562
121,FJI,2023,1.0,0.05012866,0.05012866,0.05012866,0.05012866,0.5488421,0.05012866,0.05012866,0.05012866,0.05012866,0.05012866
122,GHA,2016,1.0,0.077992134,0.06748798,0.017389951,0.12597455,0.017390413,0.08935063,0.34078154,0.017389601,0.17906179,0.067181416
123,GHA,2017,1.0,0.6639199,0.014671953,0.014671382,0.014671446,0.014675332,0.014671341,0.014673719,0.014672808,0.21869995,0.014672177
124,GHA,2018,1.0,0.08440149,0.1469499,0.074025854,0.13660818,0.06989584,0.06429797,0.09964505,0.10434045,0.14826931,0.07156595
125,GHA,2019,1.0,0.101902165,0.1251342,0.07473085,0.11523883,0.090557694,0.075392336,0.10038106,0.10533021,0.13999398,0.0713387
126,GHA,2020,1.0,0.08847172,0.13808684,0.072902866,0.115711756,0.08749242,0.079034396,0.09363016,0.10040674,0.1432569,0.08100622
127,GHA,2021,1.0,0.07203434,0.16361757,0.06635377,0.102825806,0.09378303,0.08433031,0.10013847,0.095295474,0.14423017,0.07739106
128,GHA,2022,1.0,0.08894248,0.13920957,0.048331037,0.0876367,0.089962475,0.10707091,0.09516572,0.10411062,0.1424791,0.09709138
129,GHA,2023,1.0,0.07287721,0.13443762,0.04807461,0.10861349,0.116662264,0.0979761,0.12341503,0.08297863,0.14571974,0.0692453
130,GIN,2019,1.0,0.00770163,0.0077020186,0.0077015013,0.40805885,0.007701698,0.007701365,0.530328,0.0077028056,0.0077012307,0.007701004
131,GIN,2020,1.0,0.016811324,0.01681341,0.20895304,0.2506127,0.01681162,0.016809426,0.016815173,0.23062883,0.016811991,0.20893246
132,GIN,2021,1.0,0.016671345,0.016675059,0.016672127,0.016671764,0.016672557,0.016671775,0.37905753,0.016673425,0.016673157,0.48756126
133,GIN,2022,1.0,0.1225605,0.03970877,0.039700635,0.37234113,0.03970021,0.039701395,0.039700225,0.039700065,0.03970018,0.22718689
134,GMB,2018,1.0,0.037747197,0.116941616,0.03434783,0.1136499,0.08004227,0.017824017,0.09191687,0.10105172,0.35612148,0.050357103
135,GMB,2019,1.0,0.11028117,0.089181595,0.049361188,0.19094509,0.09053921,0.03654914,0.12211285,0.13768587,0.15432195,0.019021941
136,GMB,2020,1.0,0.08520799,0.16712725,0.11890215,0.080493785,0.073378,0.04086906,0.13574538,0.10093533,0.14210145,0.055239588
137,GMB,2021,1.0,0.09475494,0.1584174,0.076874144,0.1111829,0.07085457,0.04647748,0.14088845,0.08749559,0.16170879,0.051345713
138,GMB,2022,1.0,0.07058308,0.13835253,0.11644224,0.13657011,0.07592762,0.048104968,0.14454786,0.11577671,0.10147132,0.052223545
139,GMB,2023,1.0,0.06361272,0.08428567,0.046623815,0.282733,0.20788041,0.023863638,0.08731135,0.058734447,0.09143821,0.053516738
140,GNQ,2018,1.0,0.010046339,0.6598384,0.010047509,0.010049083,0.010046991,0.010046071,0.25978267,0.01004946,0.010047213,0.010046266
141,GNQ,2022,1.0,0.099999994,0.099999994,0.1,0.1,0.09999999,0.10000001,0.099999994,0.10000001,0.099999994,0.10000001
142,GTM,2016,1.0,0.03704491,0.0370497,0.09519044,0.037059758,0.037048936,0.03704816,0.037045646,0.21507661,0.037046287,0.43038955
143,GTM,2017,1.0,0.020140447,0.22261766,0.020143883,0.020139804,0.24770157,0.02014583,0.020140843,0.020142728,0.38868648,0.02014081
144,GTM,2018,1.0,0.06836933,0.08182639,0.063364066,0.10762893,0.09002859,0.05427854,0.111721255,0.09664572,0.21917723,0.10695993
145,GTM,2019,1.0,0.079202145,0.08696303,0.06336006,0.08814871,0.12526783,0.11410031,0.057861578,0.10470536,0.18375984,0.096631125
146,GTM,2020,1.0,0.108677246,0.10813262,0.058628857,0.11636641,0.1225992,0.0567996,0.08731196,0.12007088,0.19025792,0.031155314
147,GTM,2021,1.0,0.06450298,0.13700509,0.051406287,0.090791404,0.10254139,0.05667817,0.09703954,0.14129475,0.18317465,0.07556574
148,GTM,2022,1.0,0.061471447,0.12801152,0.043069728,0.09478354,0.0920657,0.07630224,0.13291574,0.14256357,0.14738762,0.0814289
149,GTM,2023,1.0,0.069563836,0.15988809,0.06421266,0.08355085,0.09753393,0.074728735,0.11104822,0.14321594,0.12935802,0.0668997
150,GUY,2018,1.0,0.014460814,0.014460596,0.014458775,0.35210845,0.21703534,0.080840655,0.15339136,0.01445846,0.12432826,0.0144572975
151,GUY,2019,1.0,0.050571155,0.09473383,0.039911028,0.09821147,0.08913914,0.10546753,0.14911178,0.16783968,0.14456227,0.060452115
152,GUY,2020,1.0,0.16372319,0.12744379,0.020941839,0.25596598,0.02094225,0.14321259,0.020941546,0.052511033,0.15017672,0.044141036
153,GUY,2021,1.0,0.065594345,0.07833267,0.038388874,0.06647556,0.062374916,0.081001915,0.2141828,0.057151843,0.3017845,0.034712575
154,GUY,2022,1.0,0.035252906,0.21633609,0.07965296,0.22390978,0.064982966,0.045717973,0.054656364,0.08005091,0.16995856,0.029481506
155,GUY,2023,1.0,0.017808197,0.15310109,0.081579156,0.1263096,0.1358469,0.1724807,0.19070421,0.03109477,0.043244805,0.047830567
156,HND,2018,1.0,0.03852122,0.05161189,0.08438561,0.11719732,0.23528346,0.020095836,0.020097753,0.12939729,0.17668653,0.12672308
157,HND,2019,1.0,0.09487101,0.13696018,0.07761429,0.050353866,0.14386177,0.036299385,0.056427773,0.22670762,0.11962665,0.05727745
158,HND,2020,1.0,0.07913795,0.15040532,0.08980179,0.20770136,0.0660189,0.057970814,0.054189514,0.07807755,0.18400009,0.03269674
159,HND,2021,1.0,0.059043452,0.14891364,0.06396629,0.0757257,0.1210933,0.05716579,0.10575251,0.12718856,0.16027312,0.08087764
160,HND,2022,1.0,0.07247109,0.13330373,0.052898854,0.08741531,0.1291173,0.055370353,0.1006292,0.12003788,0.14538805,0.10336823
161,HND,2023,1.0,0.07349705,0.108879864,0.05337516,0.10677908,0.096874535,0.06487689,0.07632438,0.116029866,0.2005676,0.10279556
162,HTI,2018,1.0,0.17783591,0.08347522,0.05769658,0.021298772,0.021300508,0.02129959,0.021301435,0.122559175,0.451931,0.021301847
163,HTI,2019,1.0,0.1533357,0.1043447,0.073154084,0.09806514,0.0123602385,0.054514278,0.115502045,0.14542696,0.07343296,0.1698639
164,HTI,2020,1.0,0.05205694,0.05348776,0.056618817,0.044058442,0.045724556,0.07396895,0.25213996,0.24346516,0.08774006,0.09073937
165,HTI,2021,1.0,0.014917382,0.107415184,0.040483993,0.014917326,0.014917364,0.06422235,0.2454847,0.17293708,0.23360905,0.091095574
166,HTI,2022,1.0,0.077986374,0.21394981,0.123829514,0.015493006,0.05062043,0.17301248,0.015492227,0.11965269,0.11943143,0.09053202
167,IRQ,2018,1.0,0.040291686,0.080496304,0.03236611,0.1294256,0.06291957,0.29462117,0.04131553,0.10037403,0.14066185,0.07752816
168,IRQ,2019,1.0,0.0582526,0.13107371,0.057388943,0.23678897,0.07233753,0.05567057,0.08862828,0.111616835,0.084168166,0.10407441
169,IRQ,2020,1.0,0.10981753,0.07954982,0.07783329,0.1274542,0.07893385,0.09481856,0.14232473,0.09690948,0.12615287,0.06620566
170,IRQ,2021,1.0,0.061687306,0.14744699,0.045576323,0.11835049,0.0854545,0.055877894,0.14574686,0.106873535,0.17481296,0.058173146
171,IRQ,2022,1.0,0.06031058,0.12678865,0.033743676,0.071869425,0.059351016,0.03980127,0.3655021,0.085785545,0.100680046,0.056167737
172,IRQ,2023,1.0,0.071285866,0.09204779,0.027135324,0.054579996,0.29127187,0.055442393,0.11045158,0.08110322,0.09324687,0.12343509
173,JOR,2018,1.0,0.024624726,0.14653902,0.049808227,0.16445719,0.105556555,0.047230385,0.1999266,0.09720163,0.12857686,0.03607878
174,JOR,2019,1.0,0.06192857,0.09065108,0.05985409,0.13187121,0.13179667,0.051979013,0.20883118,0.08597722,0.117910214,0.05920075
175,JOR,2020,1.0,0.09084685,0.10959702,0.046648737,0.089743376,0.07595721,0.09801597,0.18459326,0.110389225,0.14456148,0.04964686
176,JOR,2021,1.0,0.07739138,0.13759556,0.06584071,0.13642067,0.07976253,0.07114212,0.109918624,0.11350443,0.15570009,0.05272385
177,JOR,2022,1.0,0.077075645,0.1243614,0.050379172,0.092006706,0.11681719,0.096996486,0.12234541,0.12711845,0.115462825,0.07743671
178,JOR,2023,1.0,0.099332936,0.10927328,0.04788377,0.06877223,0.06114002,0.056116927,0.14240862,0.1389295,0.09079164,0.18535106
179,KEN,2015,1.0,0.010005782,0.010005634,0.33953747,0.010004933,0.010004497,0.15141565,0.010005192,0.010006377,0.010004989,0.43900946
180,KEN,2016,1.0,0.24321236,0.012569567,0.01257228,0.012570709,0.012569388,0.012569172,0.012569246,0.65622175,0.012571002,0.012574567
181,KEN,2017,1.0,0.099999994,0.099999994,0.099999994,0.1,0.099999994,0.1,0.099999994,0.1,0.099999994,0.1
182,KEN,2018,1.0,0.109827,0.09956942,0.15308231,0.1284124,0.10924671,0.054938413,0.09693642,0.09150806,0.10667813,0.049801152
183,KEN,2019,1.0,0.19337313,0.050855547,0.35428244,0.07854171,0.051905043,0.03610724,0.06274788,0.06284387,0.0749811,0.03436204
184,KEN,2020,1.0,0.2699674,0.05465523,0.31863526,0.06557446,0.039642036,0.03163723,0.054457024,0.059025086,0.07311101,0.033295274
185,KEN,2021,1.0,0.31046954,0.060768172,0.29099572,0.056162026,0.04225341,0.029574804,0.05681801,0.05368384,0.06870609,0.030568419
186,KEN,2022,1.0,0.16277769,0.09902157,0.15469049,0.09133575,0.09628671,0.04546641,0.06919743,0.06925231,0.10631713,0.1056545
187,KEN,2023,1.0,0.15001003,0.09778638,0.19733909,0.097717285,0.071222685,0.053566456,0.07908474,0.07419986,0.11745792,0.06161553
188,KGZ,2018,1.0,0.08069746,0.37672713,0.08146569,0.105706476,0.22201757,0.04318952,0.013658026,0.013658012,0.013657903,0.049222186
189,KGZ,2019,1.0,0.11113329,0.17306359,0.03794888,0.119532794,0.14801344,0.046325635,0.08755389,0.11364806,0.13251083,0.03026963
190,KGZ,2020,1.0,0.06674945,0.3165899,0.03165256,0.12055939,0.060158882,0.053217027,0.12576114,0.11024496,0.06876183,0.04630488
191,KGZ,2021,1.0,0.03584697,0.13359073,0.03220484,0.18763527,0.052686658,0.18240286,0.08084518,0.13028753,0.0950167,0.06948324
192,KGZ,2022,1.0,0.06699663,0.15638505,0.02890731,0.07692398,0.093801595,0.09496041,0.09594774,0.19814855,0.09757286,0.09035589
193,KGZ,2023,1.0,0.06851509,0.13650322,0.028223572,0.029130092,0.11126514,0.32550055,0.09322483,0.124270506,0.034375735,0.048991244
194,LBR,2018,1.0,0.013835225,0.058705512,0.14642943,0.013835717,0.2155001,0.04436292,0.3120642,0.013836318,0.11176526,0.06966534
195,LBR,2019,1.0,0.15024097,0.081076086,0.061700523,0.11679273,0.04269289,0.065039046,0.18058397,0.057465345,0.15361905,0.090789415
196,LBR,2020,1.0,0.11101332,0.03106306,0.044297773,0.0853612,0.04053893,0.121480435,0.12710187,0.13651484,0.24019302,0.06243554
197,LBR,2021,1.0,0.09873551,0.12201005,0.025952643,0.13838132,0.0649174,0.031626754,0.18804991,0.10804971,0.17455418,0.047722533
198,LBR,2022,1.0,0.07105573,0.10229048,0.037408344,0.13515145,0.07676007,0.105066925,0.08543293,0.20492539,0.07620424,0.10570443
199,LBR,2023,1.0,0.06054046,0.06457348,0.027456041,0.062876426,0.06511273,0.1774241,0.064971454,0.1192777,0.1954181,0.16234949
200,MEX,2015,1.0,0.025029749,0.02502981,0.025025863,0.28432348,0.025026627,0.025024517,0.025028188,0.025030661,0.51545334,0.02502778
201,MEX,2016,1.0,0.10267849,0.1409787,0.061460257,0.06161023,0.17702648,0.028314332,0.07740511,0.15183921,0.07673248,0.121954724
202,MEX,2017,1.0,0.090601146,0.086159356,0.1049584,0.14570491,0.13872217,0.063516885,0.10176712,0.07748674,0.10545359,0.08562968
203,MEX,2018,1.0,0.076391876,0.12758668,0.100248076,0.0890109,0.11817015,0.049355544,0.10251593,0.1145095,0.1435511,0.07866023
204,MEX,2019,1.0,0.07513668,0.1381397,0.10401504,0.09663271,0.108469434,0.04955721,0.092733175,0.11605429,0.138343,0.08091877
205,MEX,2020,1.0,0.08438081,0.13681436,0.0730692,0.090345636,0.11732669,0.07205358,0.09453016,0.119778834,0.13603015,0.07567057
206,MEX,2021,1.0,0.06775569,0.143695,0.051445495,0.09412225,0.10750228,0.061804805,0.11036725,0.14199042,0.13028435,0.09103245
207,MEX,2022,1.0,0.06814297,0.13603675,0.05191932,0.08737098,0.112431586,0.05521384,0.104794405,0.15606567,0.11704607,0.110978395
208,MEX,2023,1.0,0.077117436,0.15423478,0.045185417,0.08198191,0.10546921,0.05371046,0.107817486,0.13147455,0.11921135,0.12379737
209,MLI,2018,1.0,0.017141646,0.14006913,0.24709979,0.017141579,0.017142646,0.030606223,0.16731116,0.064521335,0.17150965,0.12745684
210,MLI,2019,1.0,0.13003457,0.11145247,0.017710527,0.14085251,0.13330737,0.071340315,0.17526694,0.12982683,0.017711554,0.072496906
211,MLI,2020,1.0,0.033319887,0.1612996,0.021956857,0.058802664,0.28741056,0.03510752,0.18826628,0.058387272,0.07910391,0.07634544
212,MLI,2021,1.0,0.22939675,0.074030966,0.11358016,0.04199314,0.07054332,0.12755105,0.030687839,0.16548806,0.06681473,0.079913996
213,MLI,2022,1.0,0.07146293,0.08523915,0.050886236,0.14419955,0.05042708,0.11238776,0.12916148,0.05061898,0.22051248,0.085104324
214,MLI,2023,1.0,0.04658006,0.08474192,0.034455147,0.13972075,0.11376437,0.14615351,0.13434981,0.054286882,0.18139683,0.06455073
215,MNG,2018,1.0,0.06100772,0.104864396,0.056439172,0.15215993,0.13141435,0.06250802,0.15250838,0.08609887,0.17469364,0.01830551
216,MNG,2019,1.0,0.03912753,0.1330989,0.06763688,0.0751005,0.18602757,0.05329477,0.12705883,0.0999327,0.13820677,0.08051556
217,MNG,2020,1.0,0.08366246,0.07133187,0.057289813,0.24645609,0.13256109,0.09645474,0.039583225,0.064844646,0.031501975,0.17631409
218,MNG,2021,1.0,0.053838063,0.13630955,0.029864084,0.13149397,0.061085142,0.14481221,0.06427936,0.15974979,0.14871861,0.06984923
219,MNG,2022,1.0,0.12732747,0.11110906,0.034834865,0.097113535,0.14423445,0.07446541,0.104881294,0.10021602,0.13732421,0.06849368
220,MNG,2023,1.0,0.034006827,0.13395044,0.023027135,0.11905136,0.10284674,0.09161624,0.14744756,0.10547733,0.105844446,0.13673194
221,MOZ,2017,1.0,0.21675159,0.28080556,0.11371043,0.19492348,0.11415928,0.043039005,0.0091524,0.009152999,0.009152666,0.009152615
222,MOZ,2018,1.0,0.050892435,0.037353523,0.0686383,0.14046122,0.17662574,0.033322603,0.12677181,0.13462453,0.1672484,0.06406145
223,MOZ,2019,1.0,0.112087,0.11480162,0.07127617,0.08111206,0.10765221,0.041842744,0.047282457,0.14082573,0.1892138,0.0939062
224,MOZ,2020,1.0,0.1917703,0.028824719,0.074954405,0.10542702,0.097464204,0.067381166,0.12675622,0.17902426,0.042716525,0.08568119
225,MOZ,2021,1.0,0.12783334,0.17081133,0.12930109,0.08218696,0.065095484,0.081596866,0.035810087,0.18176422,0.09446269,0.031137938
226,MOZ,2022,1.0,0.06259595,0.09057086,0.06911882,0.13297993,0.23751506,0.04264267,0.088049315,0.09967139,0.11721113,0.05964486
227,MOZ,2023,1.0,0.054438867,0.13651149,0.17144857,0.04007673,0.102285795,0.025675233,0.29170746,0.025193987,0.10854432,0.04411753
228,MRT,2018,1.0,0.014343383,0.492848,0.014343198,0.39239898,0.014347024,0.014345382,0.01434354,0.014343928,0.014344505,0.014342058
229,MRT,2019,1.0,0.05469917,0.11704427,0.018585535,0.17623104,0.23408799,0.024118612,0.15744306,0.14086644,0.058338765,0.018585103
230,MRT,2020,1.0,0.012877088,0.012875617,0.012878161,0.3047113,0.29310372,0.12912424,0.012876545,0.19580038,0.012877596,0.012875322
231,MRT,2021,1.0,0.03610172,0.04480699,0.020259472,0.036775764,0.03262128,0.03026084,0.32426104,0.13315539,0.08260396,0.25915352
232,MRT,2022,1.0,0.06651955,0.10277594,0.08759918,0.046320174,0.08474707,0.24118072,0.09832095,0.106387384,0.09938923,0.0667598
233,MRT,2023,1.0,0.012882045,0.0128820855,0.012880683,0.07284008,0.086070105,0.45016733,0.10453514,0.012880952,0.18031847,0.054543108
234,MWI,2018,1.0,0.048277207,0.13262196,0.08708,0.09896057,0.058860786,0.06252542,0.11146977,0.15639633,0.17490415,0.06890381
235,MWI,2019,1.0,0.09214979,0.11126199,0.05929364,0.095998526,0.08476212,0.06273746,0.11953008,0.14043604,0.15298961,0.08084074
236,MWI,2020,1.0,0.09132871,0.09956667,0.07924101,0.09557549,0.06324707,0.04687398,0.09119491,0.13951606,0.20610687,0.08734925
237,MWI,2021,1.0,0.051840488,0.19280057,0.05639007,0.1269747,0.104975745,0.07050862,0.07000497,0.0777392,0.18624327,0.06252235
238,MWI,2022,1.0,0.04611392,0.20884979,0.051510844,0.095966466,0.078017786,0.07022384,0.109672636,0.09415979,0.18959646,0.05588847
239,MWI,2023,1.0,0.11350122,0.11806092,0.057663273,0.11240834,0.10418258,0.04634432,0.07891502,0.10507948,0.12987228,0.13397257
240,MYS,2015,1.0,0.052046932,0.0174972,0.017494958,0.2202572,0.017495532,0.040481783,0.21069856,0.061308242,0.34522474,0.017494848
241,MYS,2016,1.0,0.16397808,0.07284447,0.07136496,0.18374431,0.084147416,0.046439245,0.070375256,0.08082451,0.1189007,0.10738105
242,MYS,2017,1.0,0.049982257,0.02989548,0.0177698,0.31864128,0.18217754,0.03989587,0.049129076,0.017770443,0.21809015,0.0766481
243,MYS,2018,1.0,0.071545154,0.12550877,0.079892576,0.1382049,0.09777931,0.05770192,0.10952327,0.0990914,0.13602221,0.0847305
244,MYS,2019,1.0,0.07190659,0.10896412,0.06554766,0.13879807,0.102545686,0.065136835,0.10096634,0.11403944,0.13805562,0.09403961
245,MYS,2020,1.0,0.07293108,0.11467873,0.06588663,0.12869379,0.09942156,0.072112754,0.11400784,0.113356695,0.13663806,0.08227285
246,MYS,2021,1.0,0.055790856,0.14277703,0.046908014,0.0995035,0.09686138,0.06290595,0.14731443,0.1201378,0.13731836,0.09048271
247,MYS,2022,1.0,0.05439225,0.13989201,0.042418756,0.07180668,0.11454366,0.12175014,0.10976615,0.13712025,0.091866486,0.11644363
248,MYS,2023,1.0,0.065860525,0.12364298,0.04037158,0.09976427,0.10240176,0.06808426,0.1287154,0.15171745,0.116089016,0.10335275
249,NAM,2018,1.0,0.1456821,0.16369578,0.08548666,0.09052199,0.08038181,0.036872625,0.09943319,0.07854375,0.13723546,0.08214661
250,NAM,2019,1.0,0.09043248,0.123841666,0.0938746,0.13343024,0.081223674,0.04352509,0.09502188,0.13604516,0.10823916,0.09436604
251,NAM,2020,1.0,0.061903406,0.17462157,0.07759755,0.1293356,0.08434087,0.09002869,0.057306893,0.14273152,0.13117585,0.050958075
252,NAM,2021,1.0,0.064480245,0.13521408,0.06342504,0.09469063,0.11198585,0.101586565,0.11116998,0.108878344,0.13791288,0.07065638
253,NAM,2022,1.0,0.41813904,0.06970746,0.05072403,0.067933135,0.06108256,0.051291306,0.061307795,0.05176035,0.07786166,0.090192676
254,NAM,2023,1.0,0.1180862,0.13158858,0.098442465,0.11031963,0.061193246,0.029265178,0.13999906,0.13713995,0.09866492,0.07530079
255,NER,2018,1.0,0.10758541,0.14790912,0.023046456,0.023046117,0.023047399,0.02304656,0.10258051,0.23135567,0.29533666,0.023046115
256,NER,2019,1.0,0.03216287,0.13548066,0.0153506035,0.14212368,0.03935582,0.20920704,0.04479356,0.1694325,0.15384296,0.058250304
257,NER,2020,1.0,0.06225343,0.2335468,0.08196029,0.17073959,0.031937324,0.12829973,0.13083069,0.057222027,0.09219591,0.011014205
258,NER,2021,1.0,0.03272182,0.15195914,0.07682581,0.12013683,0.07036832,0.2448353,0.067112334,0.047440156,0.15393999,0.03466031
259,NER,2022,1.0,0.03176795,0.030996852,0.02390412,0.06408929,0.033303376,0.06985026,0.13951679,0.040760964,0.5173225,0.0484879
260,NER,2023,1.0,0.03931516,0.114365265,0.06273914,0.064953305,0.17542057,0.17287275,0.06782897,0.045564428,0.19867423,0.058266167
261,NIC,2016,1.0,0.033504512,0.033499777,0.03351283,0.033499908,0.033505235,0.03350016,0.03349899,0.033506263,0.6984737,0.033498622
262,NIC,2018,1.0,0.109914064,0.10338108,0.02109409,0.1029509,0.16461198,0.036659535,0.060112633,0.11673477,0.24572468,0.038816262
263,NIC,2019,1.0,0.12207544,0.07808147,0.026457192,0.10700601,0.24998915,0.05367546,0.032203633,0.10271302,0.19044988,0.037348732
264,NIC,2020,1.0,0.13401353,0.09857457,0.0457656,0.028084934,0.20696665,0.080884404,0.06327801,0.11911895,0.11251024,0.11080308
265,NIC,2021,1.0,0.053297546,0.17021807,0.070632465,0.07894832,0.09961618,0.076166615,0.10090776,0.109205745,0.16470572,0.07630158
266,NIC,2022,1.0,0.062593214,0.14050509,0.061572954,0.12196648,0.108384095,0.14984109,0.08568337,0.116723366,0.09433506,0.0583953
267,NIC,2023,1.0,0.05442189,0.24851824,0.06149315,0.052835654,0.20246525,0.014158064,0.04936038,0.135961,0.12951183,0.051274512
268,NPL,2018,1.0,0.12484387,0.10620632,0.049850035,0.113933966,0.1128588,0.06313824,0.09656823,0.12177802,0.14374991,0.067072615
269,NPL,2019,1.0,0.07475502,0.13115267,0.04614977,0.120843485,0.10811838,0.06233178,0.14121139,0.124558605,0.11918094,0.07169795
270,NPL,2020,1.0,0.078459196,0.124056876,0.056622405,0.10718097,0.10135653,0.10832741,0.09226975,0.116983145,0.15735145,0.057392266
271,NPL,2021,1.0,0.07154843,0.11369076,0.054860782,0.09155402,0.11179945,0.09970418,0.13346581,0.11686185,0.13719283,0.06932187
272,NPL,2022,1.0,0.088967845,0.119215235,0.0495773,0.10033733,0.09861385,0.14394835,0.08327234,0.10338416,0.14259186,0.07009173
273,NPL,2023,1.0,0.076525286,0.08854857,0.054403026,0.13168657,0.12029124,0.08085513,0.13139305,0.1096039,0.14467789,0.06201535
274,OMN,2018,1.0,0.10339557,0.0705095,0.031262014,0.13389303,0.121440895,0.063675724,0.09511393,0.1808601,0.12124161,0.078607626
275,OMN,2019,1.0,0.077333376,0.07456157,0.07795126,0.12677598,0.10407671,0.054249328,0.11045678,0.15162772,0.15744138,0.0655259
276,OMN,2020,1.0,0.090168364,0.08679936,0.06350237,0.10421321,0.090340845,0.098859966,0.09725625,0.15718777,0.13925128,0.07242057
277,OMN,2021,1.0,0.069442086,0.12206373,0.05789143,0.08514506,0.10328783,0.07984045,0.13245393,0.13914022,0.11285845,0.0978768
278,OMN,2022,1.0,0.067904785,0.0944052,0.0430219,0.08994842,0.1259888,0.069053024,0.11940128,0.20307423,0.09802588,0.08917649
279,OMN,2023,1.0,0.0858399,0.15696956,0.03347125,0.051570997,0.102419585,0.16260608,0.08549778,0.14390284,0.11683305,0.060888976
280,PER,2016,1.0,0.058561876,0.058561657,0.05856523,0.058561046,0.058562294,0.0585611,0.30627108,0.058565963,0.058562767,0.22522698
281,PER,2017,1.0,0.1317913,0.027359352,0.027360074,0.027358852,0.02736184,0.027356891,0.027358584,0.36640292,0.2272999,0.110350326
282,PER,2018,1.0,0.07312899,0.17839737,0.10026539,0.0925363,0.117597714,0.059364505,0.103724666,0.14457725,0.08251801,0.047889806
283,PER,2019,1.0,0.05048796,0.22618344,0.060344644,0.125257,0.08255572,0.06507962,0.077858776,0.109446764,0.14117,0.06161608
284,PER,2020,1.0,0.07713551,0.16194166,0.07002357,0.09256623,0.09680243,0.106617354,0.09282347,0.13608642,0.08564306,0.08036031
285,PER,2021,1.0,0.060541794,0.122875325,0.08807808,0.07679256,0.15204121,0.06234796,0.13486512,0.129058,0.10652374,0.0668762
286,PER,2022,1.0,0.077720635,0.140801,0.07258357,0.11289897,0.105687,0.047684584,0.11812815,0.13054492,0.12947436,0.06447682
287,PER,2023,1.0,0.06375194,0.12855747,0.04565977,0.10581232,0.099477276,0.05143939,0.12709348,0.18791625,0.1406075,0.049684566
288,PNG,2018,1.0,0.007728442,0.42379773,0.0077304295,0.21549529,0.0077300966,0.007728385,0.007728068,0.306604,0.0077297087,0.0077278633
289,PNG,2019,1.0,0.08587806,0.19452947,0.12932926,0.19520086,0.011674546,0.0116746295,0.22555724,0.011675703,0.12280601,0.011674212
290,PNG,2020,1.0,0.034692295,0.19465573,0.034692384,0.07449005,0.14032234,0.034692086,0.09570264,0.112053946,0.084021285,0.19467726
291,PNG,2021,1.0,0.19760741,0.00851972,0.08762859,0.3984566,0.008520105,0.008519452,0.008519955,0.2651888,0.008519774,0.00851958
292,PNG,2022,1.0,0.18735722,0.10041473,0.16272923,0.13660364,0.09236106,0.01273516,0.012735561,0.064740025,0.042617097,0.1877063
293,PRY,2016,1.0,0.050003868,0.050002873,0.05000345,0.050004493,0.05000973,0.050008006,0.54995984,0.050002575,0.050002575,0.05000258
294,PRY,2018,1.0,0.08725233,0.073879175,0.08874142,0.09147183,0.091480084,0.07225423,0.08867312,0.17861532,0.118064314,0.10956819
295,PRY,2019,1.0,0.04567894,0.18034165,0.07741033,0.0715241,0.1340241,0.054453142,0.04835934,0.23988673,0.08706795,0.06125371
296,PRY,2020,1.0,0.06611595,0.15288034,0.042523194,0.14320996,0.13099544,0.11286529,0.048291124,0.12612258,0.10827254,0.068723574
297,PRY,2021,1.0,0.04366184,0.20805164,0.06238392,0.08921305,0.09821837,0.09296047,0.11000349,0.09609019,0.13681655,0.0626005
298,PRY,2022,1.0,0.13064618,0.181936,0.06170231,0.111015685,0.06832244,0.061669692,0.06938425,0.10904232,0.15032345,0.055957668
299,PRY,2023,1.0,0.07065631,0.12213059,0.12128708,0.08537815,0.060837135,0.052408695,0.07440529,0.090074256,0.2482354,0.07458709
300,SDN,2018,1.0,0.07004183,0.19040047,0.0559573,0.21427548,0.08768175,0.06683516,0.039526172,0.11081696,0.09236375,0.07210117
301,SDN,2019,1.0,0.04941545,0.05228835,0.025697324,0.1838575,0.09393284,0.05928901,0.08507329,0.18829927,0.16041803,0.10172894
302,SDN,2020,1.0,0.060026065,0.108911924,0.05480422,0.15969656,0.07331085,0.070924,0.08393721,0.20389561,0.12055311,0.063940436
303,SDN,2021,1.0,0.04622336,0.1524383,0.036203954,0.14484699,0.10836194,0.07727713,0.16198333,0.11461846,0.122434385,0.03561215
304,SDN,2022,1.0,0.059473276,0.3002769,0.053575717,0.07007193,0.06412235,0.05472784,0.090269566,0.14179885,0.093189366,0.07249419
305,SDN,2023,1.0,0.03132239,0.14775538,0.015669623,0.099982336,0.1702936,0.060330324,0.1471969,0.07622957,0.21667263,0.034547217
306,SEN,2017,1.0,0.025007151,0.025009142,0.025016462,0.025007583,0.025008064,0.025008181,0.02501552,0.025007525,0.77491397,0.025006454
307,SEN,2018,1.0,0.05213542,0.09521836,0.019815285,0.1520232,0.1644875,0.037432417,0.13289487,0.058485094,0.14090754,0.1466003
308,SEN,2019,1.0,0.09389259,0.110956065,0.046715677,0.12180955,0.05684364,0.06655895,0.11241558,0.10291264,0.20631182,0.08158351
309,SEN,2020,1.0,0.039216682,0.1365924,0.06275347,0.18586013,0.109377705,0.05981144,0.06306429,0.1571688,0.12549435,0.060660705
