,ISO_A3,year,cluster,0,1,2,3,4,5,6,7,8
0,AFG,2018,1.0,0.18600781,0.117350735,0.09839539,0.1931028,0.041486427,0.12402381,0.018397057,0.17151985,0.049716134
1,AFG,2019,1.0,0.0885352,0.06193218,0.09578202,0.12251269,0.120152466,0.12564337,0.05941449,0.17654939,0.14947818
2,AFG,2020,1.0,0.15437387,0.057505198,0.025898002,0.12814169,0.08793492,0.2657895,0.07320979,0.18045658,0.026690474
3,AFG,2021,1.0,0.1613634,0.2063582,0.032845557,0.1007165,0.06174394,0.16584417,0.13992754,0.09369841,0.03750228
4,AFG,2022,1.0,0.14190862,0.13839954,0.040858652,0.11806968,0.11626002,0.13515034,0.13137381,0.12323374,0.054745566
5,AFG,2023,1.0,0.14780918,0.19034392,0.039208647,0.16199024,0.11161312,0.09963017,0.10208781,0.10817863,0.03913827
6,AGO,2018,1.0,0.071028955,0.31584018,0.06169563,0.021707887,0.04626331,0.19412814,0.09451214,0.021706926,0.1731168
7,AGO,2019,1.0,0.13058004,0.08383984,0.09648601,0.13186042,0.12178423,0.21621382,0.06469112,0.09629412,0.058250386
8,AGO,2020,1.0,0.09680403,0.13480514,0.056091428,0.10018043,0.027064636,0.16183251,0.04778411,0.14750345,0.22793427
9,AGO,2021,1.0,0.029602762,0.039465163,0.44653258,0.04746201,0.15514314,0.042400442,0.039140213,0.040596925,0.15965675
10,AGO,2022,1.0,0.098777965,0.14388227,0.042486604,0.09942999,0.14029542,0.103520714,0.12121768,0.17740582,0.072983526
11,AGO,2023,1.0,0.06916258,0.055436954,0.040571555,0.11205978,0.028838137,0.09525868,0.11258197,0.34875894,0.13733141
12,ARG,2016,1.0,0.13438341,0.051046874,0.09223429,0.13438019,0.13389274,0.051050264,0.13421689,0.15524574,0.11354959
13,ARG,2017,1.0,0.022117164,0.1464853,0.022118755,0.17888133,0.27161968,0.14994162,0.022123955,0.16459413,0.022118066
14,ARG,2018,1.0,0.14009105,0.10105479,0.05270412,0.14796142,0.07432192,0.17328234,0.12852144,0.12872504,0.053337872
15,ARG,2019,1.0,0.14066139,0.102808215,0.07351155,0.1337853,0.068637975,0.13736545,0.13151969,0.14088982,0.0708206
16,ARG,2020,1.0,0.13963605,0.11679624,0.06343216,0.12725265,0.0827608,0.14911206,0.11936881,0.13249658,0.06914462
17,ARG,2021,1.0,0.10811317,0.129933,0.057426583,0.17813952,0.066085495,0.11571642,0.13770813,0.13930917,0.067568526
18,ARG,2022,1.0,0.1384222,0.1282587,0.07867523,0.19092655,0.056812234,0.09679733,0.09259109,0.12566274,0.091853894
19,ARG,2023,1.0,0.12731577,0.13836549,0.083638296,0.18725276,0.0576634,0.12282128,0.09334458,0.12584916,0.06374927
20,ASM,2018,1.0,0.03285186,0.28274137,0.032844618,0.03284825,0.032840315,0.03284773,0.032842617,0.48733422,0.03284903
21,ASM,2019,1.0,0.025551975,0.35836312,0.22587998,0.025550704,0.025552513,0.26243627,0.025548272,0.025567759,0.025549432
22,AZE,2018,1.0,0.11284248,0.06968911,0.032223802,0.3026633,0.059484005,0.11057752,0.10132253,0.15913603,0.0520612
23,AZE,2019,1.0,0.11725948,0.10593121,0.0798626,0.2233484,0.07315133,0.14018533,0.076969765,0.114249036,0.06904288
24,AZE,2020,1.0,0.09464116,0.075075224,0.070741504,0.12115327,0.05782077,0.20422377,0.09831037,0.19115251,0.08688143
25,AZE,2021,1.0,0.10675973,0.14463566,0.05580478,0.11435053,0.17601892,0.16676132,0.092829265,0.10666136,0.03617844
26,AZE,2022,1.0,0.34053034,0.07123449,0.0441594,0.07612106,0.06382373,0.23208474,0.06191862,0.059608806,0.050518807
27,AZE,2023,1.0,0.073360816,0.14714657,0.09488039,0.2537556,0.061039213,0.08468558,0.09700726,0.10405466,0.08406994
28,BLR,2018,1.0,0.12033527,0.23294784,0.08390021,0.053441282,0.13448933,0.14030644,0.12216997,0.07209535,0.040314324
29,BLR,2019,1.0,0.06598506,0.24604432,0.12669761,0.059826244,0.051307604,0.1105242,0.15341958,0.14787905,0.038316328
30,BLR,2020,1.0,0.18654074,0.16223548,0.059414554,0.09944114,0.038250223,0.1861548,0.039264232,0.1344201,0.09427874
31,BLR,2021,1.0,0.09061226,0.25744426,0.11213802,0.21202524,0.05054062,0.08624542,0.055790707,0.1001339,0.03506958
32,BLR,2022,1.0,0.092929065,0.16986068,0.0873888,0.22055939,0.042393327,0.053531934,0.13289694,0.108132176,0.092307694
33,BLR,2023,1.0,0.102294214,0.20806143,0.061491117,0.24092276,0.08913004,0.092727676,0.06388258,0.10051513,0.040975075
34,BOL,2018,1.0,0.112535484,0.18965554,0.0660623,0.11202837,0.06847933,0.23321807,0.06146116,0.073926546,0.08263319
35,BOL,2019,1.0,0.035780523,0.15811072,0.05898058,0.16613819,0.023395043,0.25383946,0.06510661,0.12851937,0.11012951
36,BOL,2020,1.0,0.06383831,0.14717746,0.086672395,0.05232262,0.046584167,0.20716201,0.15070504,0.1348701,0.110667914
37,BOL,2021,1.0,0.10498208,0.15149008,0.064307965,0.24256007,0.045681972,0.09042032,0.09461497,0.14373092,0.062211595
38,BOL,2022,1.0,0.0793047,0.14497443,0.10441693,0.25688368,0.048795834,0.09410776,0.09617458,0.086464606,0.08887748
39,BOL,2023,1.0,0.120357715,0.12386078,0.046951424,0.18977863,0.05535922,0.08538431,0.09573007,0.24001011,0.042567793
40,BRA,2015,1.0,0.037141807,0.03714298,0.03710167,0.03713954,0.7030468,0.037107807,0.03710782,0.037109636,0.037101977
41,BRA,2016,1.0,0.09611848,0.2979382,0.04192448,0.18022476,0.14293034,0.022204807,0.12145558,0.04203636,0.05516698
42,BRA,2017,1.0,0.3833379,0.024946025,0.13067575,0.15763597,0.07545223,0.07754397,0.06742225,0.024948036,0.058037873
43,BRA,2018,1.0,0.2656546,0.13318041,0.054905936,0.10254271,0.07506984,0.12816256,0.08980911,0.09542737,0.05524749
44,BRA,2019,1.0,0.14795975,0.10931127,0.07208364,0.12909131,0.08512523,0.12718888,0.13877642,0.11363847,0.07682503
45,BRA,2020,1.0,0.16051665,0.12584147,0.057794727,0.12617658,0.078233525,0.12083145,0.15424399,0.11431673,0.06204488
46,BRA,2021,1.0,0.13937278,0.17884763,0.06619251,0.13317515,0.080322646,0.089330316,0.12755783,0.12798104,0.057220094
47,BRA,2022,1.0,0.11135882,0.17590848,0.07863537,0.17721242,0.07402563,0.084846,0.089193314,0.14328545,0.065534525
48,BRA,2023,1.0,0.112186335,0.14825597,0.078491114,0.16654798,0.06136276,0.09872043,0.104182675,0.14572155,0.08453116
49,BWA,2018,1.0,0.06828225,0.045309354,0.0651718,0.10696391,0.10561579,0.22348262,0.1006048,0.19618912,0.08838035
50,BWA,2019,1.0,0.0984423,0.09559018,0.0527188,0.119189195,0.08753337,0.1783452,0.119195774,0.15829104,0.09069412
51,BWA,2020,1.0,0.09108131,0.07572953,0.06667099,0.18029302,0.06785303,0.19207811,0.103503026,0.13593356,0.086857416
52,BWA,2021,1.0,0.08250858,0.10359088,0.045611184,0.14886521,0.084308825,0.13503855,0.20462069,0.13572888,0.059727207
53,BWA,2022,1.0,0.11535143,0.10251008,0.06448388,0.10644399,0.05740963,0.15224424,0.10129616,0.19927521,0.10098536
54,BWA,2023,1.0,0.11431625,0.11933509,0.10310811,0.1172779,0.16679314,0.086444914,0.06703009,0.13036746,0.09532707
55,CAF,2019,1.0,0.008584255,0.008582707,0.008585072,0.11878209,0.00858206,0.43668103,0.008580263,0.2451753,0.15644725
56,CAF,2021,1.0,0.015881326,0.01588318,0.015889362,0.015881095,0.015883595,0.015888952,0.015879635,0.8729078,0.01590499
57,CAF,2022,1.0,0.0637682,0.049753442,0.031346705,0.42014614,0.10363012,0.11296347,0.031349987,0.09509627,0.09194565
58,COG,2018,1.0,0.028890269,0.028890269,0.028890269,0.768872,0.028890539,0.028890816,0.028890738,0.028890494,0.028894562
59,COG,2019,1.0,0.0545646,0.014342729,0.10136532,0.035011202,0.038497534,0.41549337,0.1146397,0.21174109,0.014344474
60,COG,2020,1.0,0.041133117,0.11509354,0.029286815,0.044202242,0.02784974,0.29048267,0.09723616,0.3017388,0.052976914
61,COG,2021,1.0,0.12590206,0.08364672,0.06718287,0.116257966,0.114657246,0.09988783,0.10432792,0.26786578,0.020271592
62,COG,2022,1.0,0.22723429,0.07450713,0.023916164,0.24123728,0.06709418,0.071496144,0.14009275,0.115586266,0.03883581
63,COL,2015,1.0,0.8728539,0.01588814,0.015900427,0.015893307,0.015893133,0.01589343,0.015890852,0.015894378,0.015892437
64,COL,2016,1.0,0.023212744,0.2105422,0.21064842,0.023215309,0.023212377,0.023217054,0.23149306,0.23124772,0.023211107
65,COL,2017,1.0,0.037214898,0.037140228,0.037141804,0.037144016,0.037141893,0.7027644,0.037164062,0.03714525,0.037143495
66,COL,2018,1.0,0.11077114,0.08307596,0.066849016,0.08576966,0.041704465,0.11517284,0.31773353,0.106623344,0.07230004
67,COL,2019,1.0,0.09664562,0.10436935,0.050832514,0.14071162,0.05375914,0.13867134,0.22299093,0.13657832,0.055441163
68,COL,2020,1.0,0.13132583,0.111892566,0.06349117,0.13760674,0.07961421,0.16355798,0.113964595,0.1379066,0.0606403
69,COL,2021,1.0,0.083729185,0.1357234,0.13710943,0.10397806,0.08956084,0.10905869,0.08562383,0.2076348,0.047581766
70,COL,2022,1.0,0.07837137,0.11461182,0.03510717,0.11214564,0.036157727,0.044837456,0.4640896,0.07755265,0.03712657
71,COL,2023,1.0,0.08645445,0.15639606,0.066149384,0.30314368,0.059171747,0.102063954,0.05575084,0.09051706,0.08035281
72,DJI,2018,1.0,0.12330156,0.066090025,0.03478772,0.049196392,0.05168329,0.26954594,0.052412026,0.33795103,0.015031987
73,DJI,2019,1.0,0.1271726,0.09411304,0.056616187,0.18119024,0.032878306,0.14940505,0.04694957,0.14541608,0.16625895
74,DJI,2020,1.0,0.07768884,0.13665812,0.024577137,0.12523031,0.11318114,0.19143584,0.053988613,0.2069968,0.070243195
75,DJI,2021,1.0,0.081219286,0.1430981,0.019065326,0.11910006,0.11010009,0.124676,0.07822172,0.23029211,0.09422732
76,DJI,2022,1.0,0.06418821,0.060583748,0.023997104,0.19631079,0.1586736,0.21985267,0.027854217,0.21444897,0.03409068
77,DJI,2023,1.0,0.015153955,0.07396231,0.024577752,0.1284521,0.05491579,0.19258842,0.02532903,0.45723298,0.027787687
78,DOM,2016,1.0,0.06946498,0.069449335,0.069464415,0.06948244,0.06945092,0.069448665,0.06945546,0.44433108,0.06945272
79,DOM,2017,1.0,0.17705007,0.43795738,0.022162518,0.09344119,0.022162443,0.022167176,0.18074018,0.02216132,0.022157734
80,DOM,2018,1.0,0.15619212,0.15828271,0.051208623,0.14117451,0.09337595,0.12758663,0.0833647,0.08337908,0.10543565
81,DOM,2019,1.0,0.116613396,0.10835995,0.06317147,0.120078884,0.116018414,0.14364804,0.15557283,0.104657486,0.07187952
82,DOM,2020,1.0,0.16051137,0.11118022,0.06265021,0.123813935,0.07774569,0.16553245,0.093501255,0.13341023,0.07165462
83,DOM,2021,1.0,0.16002676,0.144141,0.05044401,0.13725248,0.0657646,0.14475875,0.1276846,0.1132753,0.056652524
84,DOM,2022,1.0,0.10611512,0.120554075,0.10408702,0.2010387,0.052786723,0.12547426,0.07495619,0.103438206,0.1115497
85,DOM,2023,1.0,0.12383489,0.15755384,0.062659524,0.17565669,0.06731004,0.095923744,0.103276394,0.12809701,0.08568785
86,DZA,2016,1.0,0.13398245,0.28653526,0.0104595,0.010460938,0.010457971,0.3462465,0.18093969,0.010458203,0.010459519
87,DZA,2018,1.0,0.105577335,0.07058195,0.10670895,0.20526098,0.16988327,0.042886995,0.08033737,0.10285751,0.11590566
88,DZA,2019,1.0,0.10478712,0.11157941,0.054681443,0.10693357,0.0528275,0.14737654,0.19788569,0.15448889,0.06943984
89,DZA,2020,1.0,0.26433766,0.13962574,0.054287646,0.104299806,0.08600589,0.09094031,0.074531056,0.12931481,0.05665707
90,DZA,2021,1.0,0.13114652,0.1431285,0.07121808,0.13683608,0.06340515,0.0960281,0.20089498,0.09056561,0.06677697
91,DZA,2022,1.0,0.18144621,0.1516257,0.06561058,0.19094901,0.05624763,0.08822866,0.1225532,0.0948879,0.048451114
92,DZA,2023,1.0,0.07331088,0.2147611,0.04268292,0.106970616,0.09770218,0.17214678,0.07713455,0.16429956,0.050991427
93,ECU,2016,1.0,0.39528623,0.023516301,0.02351939,0.023518283,0.023516089,0.023527995,0.44007674,0.0235211,0.023517884
94,ECU,2017,1.0,0.16083671,0.037064258,0.03706542,0.20362572,0.15555757,0.16853558,0.1631879,0.03707001,0.03705683
95,ECU,2018,1.0,0.20544066,0.13428599,0.07792769,0.10603526,0.062373232,0.061508752,0.17202538,0.118269,0.062134042
96,ECU,2019,1.0,0.093962125,0.11198257,0.09006241,0.14393668,0.066137806,0.13393585,0.10202169,0.14875351,0.109207354
97,ECU,2020,1.0,0.091550454,0.12277706,0.031174384,0.07498055,0.05281648,0.4266742,0.08078074,0.08672743,0.032518722
98,ECU,2021,1.0,0.13511479,0.13060786,0.055331383,0.15763313,0.11054498,0.0960596,0.112013504,0.124567084,0.07812766
99,ECU,2022,1.0,0.12964673,0.13138938,0.07185501,0.1582581,0.074983925,0.09430487,0.09097207,0.1469809,0.10160901
100,ECU,2023,1.0,0.091722466,0.18797565,0.034996346,0.13985299,0.042458575,0.21349788,0.17112868,0.07745812,0.040909305
101,EGY,2017,1.0,0.013908812,0.6271268,0.013914462,0.013905266,0.013911487,0.013912856,0.27549925,0.0139134405,0.013907596
102,EGY,2018,1.0,0.110422835,0.14214936,0.06520638,0.08549693,0.053488147,0.17179872,0.19687666,0.1057733,0.06878768
103,EGY,2019,1.0,0.07656467,0.27716196,0.04077409,0.120761655,0.06480068,0.1945354,0.054426752,0.10320088,0.06777394
104,EGY,2020,1.0,0.13813949,0.1050699,0.057074275,0.14103717,0.105650514,0.1770467,0.08697096,0.10227576,0.08673523
105,EGY,2021,1.0,0.15155661,0.14237384,0.057254583,0.12185491,0.07273077,0.14317629,0.13379924,0.10518867,0.07206509
106,EGY,2022,1.0,0.073417425,0.1576765,0.05079686,0.20503321,0.050225053,0.07681103,0.061416652,0.27260566,0.052017607
107,EGY,2023,1.0,0.15029359,0.19440567,0.04061746,0.16022792,0.07556809,0.12524173,0.07916211,0.101883255,0.072600156
108,ETH,2015,1.0,0.014909149,0.014908858,0.014908455,0.014912462,0.0149091305,0.17114215,0.10317665,0.636226,0.01490716
109,ETH,2017,1.0,0.021396367,0.36536953,0.021395838,0.20525518,0.021394107,0.114195414,0.02139492,0.120859616,0.10873902
110,ETH,2018,1.0,0.08780549,0.09045207,0.06786064,0.18963678,0.0719123,0.21515165,0.05675335,0.1333322,0.08709552
111,ETH,2019,1.0,0.084843114,0.09556861,0.06541545,0.18826729,0.07302688,0.17475557,0.05650521,0.17422396,0.087393895
112,ETH,2020,1.0,0.07993552,0.077810444,0.06060316,0.18431741,0.10035048,0.20547326,0.050670974,0.15933722,0.08150155
113,ETH,2021,1.0,0.057871632,0.061813317,0.05501153,0.17804961,0.12002866,0.2340716,0.040742602,0.18249871,0.06991233
114,ETH,2022,1.0,0.07059328,0.07645911,0.057158664,0.18103772,0.09302902,0.20001498,0.055269778,0.18991578,0.076521665
115,ETH,2023,1.0,0.089696705,0.10149946,0.06656525,0.19424559,0.09291786,0.18016234,0.050810657,0.16293964,0.061162494
116,FJI,2018,1.0,0.38794678,0.13646601,0.026795786,0.07649475,0.08742969,0.11520052,0.026790062,0.116078615,0.02679779
117,FJI,2019,1.0,0.30937296,0.020865608,0.120799325,0.07672687,0.020871975,0.25759524,0.020871554,0.1520289,0.02086758
118,FJI,2020,1.0,0.12269829,0.057098407,0.024229279,0.17344044,0.039636083,0.24769536,0.037699584,0.12134802,0.17615455
119,FJI,2021,1.0,0.09467413,0.021938646,0.16055675,0.2860835,0.021934854,0.02193668,0.021932848,0.3489989,0.021943688
120,FJI,2022,1.0,0.016722796,0.18492496,0.11373605,0.099356644,0.016724208,0.24618718,0.13585377,0.16976571,0.016728692
121,FJI,2023,1.0,0.05571225,0.055712234,0.055712245,0.055712238,0.055712253,0.055712238,0.05571224,0.055712238,0.55430204
122,GHA,2016,1.0,0.33432877,0.042166363,0.018668063,0.386528,0.018665414,0.03626547,0.07451595,0.018669952,0.07019204
123,GHA,2017,1.0,0.01554305,0.87563676,0.015543118,0.015541635,0.015542734,0.015549378,0.015543646,0.015556302,0.015543371
124,GHA,2018,1.0,0.09747634,0.1366383,0.06060516,0.10789059,0.0630277,0.20216799,0.096767925,0.14628604,0.08913995
125,GHA,2019,1.0,0.09656841,0.12619673,0.07226183,0.13742368,0.067868404,0.13916147,0.086395256,0.16197716,0.11214706
126,GHA,2020,1.0,0.10816759,0.10326921,0.07710062,0.12903653,0.07025646,0.13950025,0.113748446,0.1465821,0.11233881
127,GHA,2021,1.0,0.11602141,0.1185554,0.06098194,0.12979765,0.073919505,0.14035133,0.12334802,0.14948578,0.08753897
128,GHA,2022,1.0,0.10832947,0.14391156,0.070893005,0.12978119,0.083930045,0.13388757,0.095318176,0.15758702,0.07636196
129,GHA,2023,1.0,0.11779675,0.1530349,0.061921548,0.13455945,0.08075391,0.14190917,0.08729741,0.14445968,0.078267194
130,GIN,2019,1.0,0.68058753,0.008558142,0.008557347,0.008558398,0.008560742,0.008559486,0.008556425,0.25950444,0.008557475
131,GIN,2020,1.0,0.31858054,0.018637942,0.01864584,0.018636683,0.25517756,0.3143866,0.01864303,0.018648878,0.018642964
132,GIN,2021,1.0,0.018526584,0.01852647,0.018526148,0.8517856,0.018527672,0.018525872,0.018525839,0.018529205,0.018526616
133,GIN,2022,1.0,0.49861106,0.044059392,0.04405103,0.12669358,0.044050068,0.044050347,0.11037712,0.044055708,0.04405169
134,GMB,2018,1.0,0.06402642,0.019166183,0.01916439,0.12176783,0.037082072,0.2836982,0.24940634,0.11573641,0.08995216
135,GMB,2019,1.0,0.06990469,0.08879121,0.062010318,0.21839336,0.034248427,0.15410122,0.08790501,0.14649987,0.1381459
136,GMB,2020,1.0,0.13423416,0.0682787,0.04151544,0.18156846,0.051957764,0.2256569,0.038974673,0.19243154,0.06538235
137,GMB,2021,1.0,0.08839355,0.120178364,0.041679684,0.11305566,0.070002206,0.21018094,0.14296365,0.11386028,0.099685684
138,GMB,2022,1.0,0.077135004,0.07841814,0.07063071,0.15919906,0.06523653,0.25637087,0.08545445,0.11713955,0.09041565
139,GMB,2023,1.0,0.23496056,0.06824937,0.06919136,0.18310134,0.029131383,0.23814602,0.068889014,0.06144535,0.046885602
140,GNQ,2018,1.0,0.12381209,0.011325804,0.011328147,0.011324413,0.011322928,0.68671143,0.011322544,0.011334788,0.121517874
141,GNQ,2022,1.0,0.11111121,0.11111102,0.11111114,0.1111111,0.11111124,0.111111075,0.111111104,0.11111105,0.11111102
142,GTM,2016,1.0,0.04553612,0.04553503,0.045537833,0.04553594,0.19557376,0.34177282,0.04553445,0.18943949,0.045534518
143,GTM,2017,1.0,0.022309212,0.02231049,0.022313487,0.2482622,0.022310233,0.59556437,0.022310514,0.022306303,0.022313163
144,GTM,2018,1.0,0.07419138,0.16799738,0.10024103,0.13183749,0.050709996,0.14239354,0.112149425,0.12755689,0.09292286
145,GTM,2019,1.0,0.17434582,0.11003117,0.07020681,0.1072536,0.066029385,0.23750862,0.067459844,0.0892252,0.07793953
146,GTM,2020,1.0,0.18967885,0.079936124,0.091285795,0.12492883,0.04247792,0.14087108,0.10738502,0.15737942,0.06605695
147,GTM,2021,1.0,0.13239956,0.1042547,0.052570645,0.1750952,0.06459165,0.14466697,0.114064254,0.13987271,0.07248431
148,GTM,2022,1.0,0.12498681,0.13260514,0.07463542,0.17753956,0.067110345,0.15257455,0.0870816,0.10846516,0.07500143
149,GTM,2023,1.0,0.13042453,0.12207525,0.068420455,0.2019459,0.07782512,0.1555413,0.08071166,0.09405486,0.06900093
150,GUY,2018,1.0,0.015651664,0.21357077,0.015658172,0.10017205,0.11242271,0.37912646,0.015648892,0.09461243,0.053136807
151,GUY,2019,1.0,0.05450182,0.075484335,0.1032323,0.19940335,0.07308818,0.20256181,0.11766232,0.09072103,0.08334487
152,GUY,2020,1.0,0.18790388,0.022095153,0.022094063,0.1758604,0.0848388,0.12507945,0.022093056,0.18818326,0.17185193
153,GUY,2021,1.0,0.11037981,0.09427339,0.026561469,0.22147706,0.08051341,0.100843005,0.055624433,0.15848121,0.1518462
154,GUY,2022,1.0,0.062404595,0.19119254,0.07094394,0.33408165,0.042336605,0.04340547,0.1228526,0.08230202,0.05048061
155,GUY,2023,1.0,0.3371144,0.034983538,0.18135145,0.18796809,0.0678482,0.0927447,0.013344626,0.024454508,0.060190495
156,HND,2018,1.0,0.17446026,0.077059224,0.022250265,0.29947487,0.050502576,0.11051149,0.0608684,0.15545811,0.04941484
157,HND,2019,1.0,0.17733422,0.0676054,0.07225755,0.20101495,0.07644945,0.13615288,0.0925608,0.11744972,0.05917504
158,HND,2020,1.0,0.1528952,0.12672663,0.087045245,0.08908734,0.09533633,0.14640416,0.0513651,0.16904642,0.08209359
159,HND,2021,1.0,0.18458617,0.08790079,0.040730365,0.17187163,0.0828457,0.124124065,0.12213643,0.12275656,0.06304828
160,HND,2022,1.0,0.13628452,0.120948605,0.06043141,0.1496529,0.080006555,0.09506054,0.14083618,0.14591616,0.07086314
161,HND,2023,1.0,0.16675247,0.09943817,0.035700407,0.17723048,0.06729017,0.117471926,0.07862095,0.1643262,0.09316923
162,HTI,2018,1.0,0.023658535,0.023658767,0.42980844,0.31653053,0.023657897,0.11170598,0.02365658,0.023662245,0.023661006
163,HTI,2019,1.0,0.053528644,0.013276095,0.09989057,0.277553,0.058446,0.28679478,0.013277477,0.18395364,0.01327983
164,HTI,2020,1.0,0.11352987,0.084006056,0.21490273,0.10154135,0.08632338,0.25884813,0.03405103,0.05208953,0.05470792
165,HTI,2021,1.0,0.083445,0.03119609,0.015645085,0.34564683,0.04408784,0.2835977,0.015641501,0.16509698,0.015642991
166,HTI,2022,1.0,0.11965901,0.1510915,0.25247204,0.11743508,0.15685505,0.0915858,0.01686216,0.042640053,0.051399276
167,IRQ,2018,1.0,0.2491638,0.076893196,0.047844928,0.108554326,0.08310493,0.1431454,0.06372628,0.13993251,0.08763464
168,IRQ,2019,1.0,0.083410785,0.08111019,0.053472042,0.22581573,0.09713175,0.22750604,0.06455816,0.07936121,0.087634094
169,IRQ,2020,1.0,0.08520731,0.10858397,0.057454236,0.1742938,0.10168086,0.23308107,0.08896183,0.07503813,0.075698756
170,IRQ,2021,1.0,0.117771074,0.17738701,0.050401714,0.13976736,0.07512342,0.12298658,0.10924097,0.13703068,0.07029119
171,IRQ,2022,1.0,0.10200972,0.43955272,0.041556317,0.10546251,0.039255157,0.07424698,0.066314094,0.08867948,0.042923
172,IRQ,2023,1.0,0.08002473,0.16635542,0.022572273,0.32617655,0.056330685,0.14176422,0.0598598,0.08246665,0.06444965
173,JOR,2018,1.0,0.053516436,0.1561623,0.032235984,0.07062568,0.061700817,0.19478321,0.08487754,0.27010894,0.07598908
174,JOR,2019,1.0,0.08345443,0.09783145,0.09978783,0.12449489,0.065313965,0.24297896,0.052192707,0.11745978,0.11648599
175,JOR,2020,1.0,0.11547689,0.07495336,0.070247054,0.122754395,0.090971164,0.17780805,0.103079244,0.15399475,0.09071509
176,JOR,2021,1.0,0.1211655,0.14495865,0.057343293,0.15903452,0.077128105,0.16153157,0.13090542,0.09419673,0.053736232
177,JOR,2022,1.0,0.12321883,0.1587885,0.062005695,0.12811723,0.07091872,0.12915939,0.10549822,0.12261585,0.09967755
178,JOR,2023,1.0,0.101009436,0.169368,0.090178095,0.14047492,0.04243227,0.114320345,0.13226308,0.1496449,0.060308963
179,KEN,2015,1.0,0.013910317,0.013900395,0.013902716,0.4930343,0.40963292,0.013900178,0.013903016,0.013905943,0.013910181
180,KEN,2016,1.0,0.014090638,0.15460642,0.014087909,0.41433427,0.2455709,0.11503746,0.014089461,0.014089847,0.014093099
181,KEN,2017,1.0,0.11111116,0.11111106,0.11111112,0.11111109,0.111111164,0.11111108,0.1111111,0.111111075,0.11111107
182,KEN,2018,1.0,0.06543915,0.07841743,0.11600735,0.08763877,0.07031846,0.17480052,0.088721216,0.13209258,0.18656452
183,KEN,2019,1.0,0.043996014,0.06765454,0.20330524,0.06050855,0.046105463,0.1073749,0.04075235,0.07876602,0.3515369
184,KEN,2020,1.0,0.041207336,0.053163435,0.25633228,0.05152207,0.0409448,0.10449529,0.040744197,0.065520234,0.34607038
185,KEN,2021,1.0,0.046150435,0.055358693,0.31007797,0.055127785,0.03606604,0.084459655,0.04540019,0.057767596,0.30959165
186,KEN,2022,1.0,0.073774405,0.10839868,0.18040086,0.07509403,0.07578149,0.11830063,0.09226996,0.115529,0.16045092
187,KEN,2023,1.0,0.066682726,0.10947544,0.19491552,0.07761033,0.0481963,0.12338297,0.076357916,0.131285,0.17209376
188,KGZ,2018,1.0,0.12105174,0.067374215,0.3097038,0.014323016,0.08675991,0.014322194,0.26230857,0.10983269,0.0143238725
189,KGZ,2019,1.0,0.13638678,0.13204998,0.028810648,0.031267855,0.05510008,0.16925547,0.16699703,0.14783826,0.1322939
190,KGZ,2020,1.0,0.11879654,0.14174873,0.05940692,0.11087378,0.045203213,0.15827161,0.13839245,0.13237548,0.09493128
191,KGZ,2021,1.0,0.1680177,0.19363739,0.043798465,0.09799686,0.13638388,0.108106606,0.12193666,0.07446545,0.055657018
192,KGZ,2022,1.0,0.10816322,0.22171254,0.046048116,0.19085912,0.07573334,0.07164464,0.09434916,0.13165373,0.059836112
193,KGZ,2023,1.0,0.10898456,0.051603407,0.05496902,0.08494992,0.04112249,0.09512545,0.42271122,0.09974374,0.04079019
194,LBR,2018,1.0,0.083831854,0.18800612,0.016525699,0.032265995,0.14174512,0.0783589,0.058925502,0.16370611,0.2366347
195,LBR,2019,1.0,0.12642248,0.023177104,0.040319055,0.15503371,0.09632444,0.2072545,0.04831032,0.087973595,0.2151848
196,LBR,2020,1.0,0.0851723,0.10537468,0.0826855,0.07628971,0.070407405,0.19238837,0.038531445,0.2056528,0.14349781
197,LBR,2021,1.0,0.07512974,0.061404757,0.02587573,0.1654403,0.103541724,0.11368825,0.10880562,0.30178577,0.0443281
198,LBR,2022,1.0,0.13750377,0.14992633,0.053790405,0.117330365,0.14881124,0.123224944,0.07385486,0.11954813,0.07600996
199,LBR,2023,1.0,0.039255712,0.3137664,0.06895138,0.08910294,0.07227012,0.043936726,0.22595866,0.04830695,0.09845112
200,MEX,2015,1.0,0.02778978,0.02779173,0.027790476,0.77762204,0.027811555,0.027793786,0.027816128,0.027795622,0.027788883
201,MEX,2016,1.0,0.118066706,0.07577043,0.08543565,0.19032791,0.049688358,0.12981291,0.20649473,0.09383316,0.05057012
202,MEX,2017,1.0,0.1370079,0.14905497,0.09844623,0.13945243,0.0463442,0.07288163,0.07335287,0.15301244,0.13044733
203,MEX,2018,1.0,0.12847695,0.102856055,0.06650199,0.12645575,0.07850795,0.1627205,0.10742797,0.13478015,0.09227266
204,MEX,2019,1.0,0.10893649,0.1073257,0.06812205,0.1468524,0.09193805,0.1427751,0.102035694,0.14550096,0.08651355
205,MEX,2020,1.0,0.13684714,0.11297981,0.0719778,0.12989318,0.08856627,0.13046134,0.11907128,0.1325066,0.07769658
206,MEX,2021,1.0,0.13407443,0.12594776,0.063627616,0.18923299,0.052692343,0.11688097,0.1165461,0.12649544,0.07450234
207,MEX,2022,1.0,0.11815404,0.14141808,0.07431423,0.18742773,0.06095432,0.09990149,0.09704024,0.14922419,0.07156566
208,MEX,2023,1.0,0.12206524,0.13532159,0.05880505,0.18884951,0.049413327,0.11171244,0.12391893,0.14370339,0.066210546
209,MLI,2018,1.0,0.0453881,0.018872848,0.051480778,0.08059911,0.061664887,0.58125514,0.12299629,0.018871363,0.018871512
210,MLI,2019,1.0,0.04201795,0.11327061,0.112291306,0.11059631,0.08199937,0.19531886,0.13285887,0.109084934,0.10256177
211,MLI,2020,1.0,0.07822822,0.07308317,0.040919278,0.05469433,0.024226403,0.08561758,0.5495975,0.057789125,0.03584439
212,MLI,2021,1.0,0.18795103,0.07194951,0.027111012,0.103006855,0.1317187,0.06867949,0.18404642,0.1410753,0.08446172
213,MLI,2022,1.0,0.12337589,0.16562943,0.055471797,0.07267933,0.08754967,0.20383054,0.092599064,0.13408172,0.06478255
214,MLI,2023,1.0,0.14236517,0.2666865,0.044398535,0.11907815,0.08748772,0.09595427,0.08216186,0.109667905,0.05219989
215,MNG,2018,1.0,0.10300263,0.17936914,0.058735047,0.046967834,0.073368646,0.35985112,0.054141287,0.07856851,0.045995776
216,MNG,2019,1.0,0.090263896,0.21964002,0.07422499,0.11059257,0.063638106,0.123985656,0.16384025,0.096572585,0.057241928
217,MNG,2020,1.0,0.11838698,0.12897582,0.04004028,0.13578147,0.080788836,0.08566254,0.119862504,0.2194974,0.07100419
218,MNG,2021,1.0,0.1313771,0.17194717,0.032629307,0.0782709,0.098851696,0.21872957,0.10449305,0.124462046,0.039239164
219,MNG,2022,1.0,0.13524446,0.13419095,0.057874907,0.15090898,0.08272133,0.12111053,0.09215612,0.1539479,0.071844816
220,MNG,2023,1.0,0.19705468,0.1309999,0.09756007,0.111962646,0.03637371,0.11878841,0.0899393,0.14751138,0.0698099
221,MOZ,2017,1.0,0.010172203,0.010171048,0.010173042,0.23635805,0.010175222,0.3101481,0.11452365,0.08950069,0.20877801
222,MOZ,2018,1.0,0.07626229,0.09489206,0.059350204,0.11705875,0.1384466,0.21974753,0.07101159,0.14129318,0.081937805
223,MOZ,2019,1.0,0.06417967,0.08471399,0.04116951,0.1961143,0.08303268,0.19816,0.048813783,0.19813682,0.08567925
224,MOZ,2020,1.0,0.06543705,0.091014266,0.046692744,0.1719511,0.0833119,0.104009435,0.09094064,0.26856312,0.07807977
225,MOZ,2021,1.0,0.12151544,0.084488586,0.10445598,0.14318264,0.11345045,0.13188271,0.09767279,0.082872815,0.12047858
226,MOZ,2022,1.0,0.09968003,0.124486245,0.07038286,0.09063033,0.14615037,0.16555831,0.08091415,0.12065943,0.10153828
227,MOZ,2023,1.0,0.31525064,0.14118238,0.0443791,0.20954412,0.046531666,0.047894694,0.039365117,0.10460952,0.051242758
228,MRT,2018,1.0,0.01607831,0.016073745,0.01606787,0.29491627,0.016070424,0.5925881,0.016067334,0.016071035,0.016066924
229,MRT,2019,1.0,0.09606043,0.10355967,0.08324222,0.083212286,0.03523588,0.14931482,0.07462697,0.3152775,0.05947021
230,MRT,2020,1.0,0.014311776,0.014310571,0.014310171,0.16660884,0.09438923,0.33008277,0.014317307,0.13971417,0.21195517
231,MRT,2021,1.0,0.081384845,0.040438756,0.066185065,0.12200129,0.08980415,0.41609216,0.044348385,0.10061217,0.039133158
232,MRT,2022,1.0,0.16578035,0.099573396,0.053966135,0.124008246,0.1683567,0.08266129,0.0852646,0.12780313,0.09258614
233,MRT,2023,1.0,0.20376766,0.014196046,0.13144559,0.014190875,0.47106913,0.039435666,0.09751815,0.014190472,0.014186396
234,MWI,2018,1.0,0.14767724,0.05111904,0.08431699,0.15595786,0.049979113,0.16386509,0.05664521,0.14459139,0.14584804
235,MWI,2019,1.0,0.12360478,0.09470017,0.07085379,0.17522469,0.06555219,0.1613817,0.084132046,0.13947304,0.08507756
236,MWI,2020,1.0,0.13180959,0.090457976,0.07574012,0.1324983,0.07761395,0.20774692,0.07438581,0.10674689,0.10300045
237,MWI,2021,1.0,0.1397819,0.11363235,0.046859942,0.099504806,0.062291063,0.22761264,0.11956063,0.12422086,0.0665358
238,MWI,2022,1.0,0.0932209,0.15188405,0.060415875,0.11977765,0.09326476,0.17514166,0.1098568,0.12808762,0.068350665
239,MWI,2023,1.0,0.097331695,0.14980768,0.052343857,0.16276261,0.06980165,0.17808764,0.106771894,0.13727458,0.04581842
240,MYS,2015,1.0,0.02052058,0.103665076,0.020519849,0.25708365,0.06514264,0.067001924,0.020518113,0.3304029,0.11514525
241,MYS,2016,1.0,0.07648238,0.06839109,0.11568106,0.17367883,0.05819705,0.19548635,0.059061367,0.1444899,0.108532
242,MYS,2017,1.0,0.13469236,0.17055921,0.07879588,0.2047927,0.04500092,0.17668816,0.06734661,0.10264999,0.019474208
243,MYS,2018,1.0,0.113932185,0.1376693,0.05961866,0.14348748,0.07431043,0.16380663,0.08345924,0.153027,0.070689075
244,MYS,2019,1.0,0.11088091,0.1277125,0.061550688,0.14422618,0.067649834,0.1597564,0.10944874,0.13764334,0.081131406
245,MYS,2020,1.0,0.11606405,0.12926547,0.056065414,0.16880476,0.07699559,0.14697109,0.10411016,0.11620112,0.08552234
246,MYS,2021,1.0,0.11463986,0.15225506,0.051766835,0.1543411,0.06185823,0.1224749,0.13616621,0.14633018,0.06016762
247,MYS,2022,1.0,0.09247313,0.14112295,0.06922183,0.18670629,0.055707898,0.12456948,0.085568026,0.18357255,0.061057836
248,MYS,2023,1.0,0.114031315,0.14803952,0.069495305,0.20320499,0.067581505,0.10921195,0.103626505,0.11736219,0.06744672
249,NAM,2018,1.0,0.09398331,0.12400613,0.085678756,0.18273364,0.060471106,0.1483214,0.09711131,0.13650806,0.07118629
250,NAM,2019,1.0,0.124179095,0.1306024,0.07520993,0.10345921,0.07414278,0.14629056,0.09572201,0.14566132,0.10473272
251,NAM,2020,1.0,0.1379467,0.10111883,0.049208898,0.120237485,0.09466617,0.19283791,0.10922651,0.12016357,0.07459393
252,NAM,2021,1.0,0.11030212,0.123338215,0.053941227,0.09999503,0.11325333,0.16571666,0.1203499,0.1372956,0.07580789
253,NAM,2022,1.0,0.0758855,0.082337126,0.41948393,0.08649626,0.05094266,0.07693175,0.07550818,0.083100036,0.04931453
254,NAM,2023,1.0,0.07330956,0.22537623,0.074917376,0.1535116,0.03287314,0.07552041,0.12666738,0.13475434,0.10306994
255,NER,2018,1.0,0.07112626,0.1268202,0.02561168,0.15048145,0.025611114,0.38712075,0.02561153,0.025612175,0.16200486
256,NER,2019,1.0,0.026698282,0.17318743,0.075452,0.103405684,0.10168441,0.18033399,0.06386546,0.1898604,0.08551233
257,NER,2020,1.0,0.22539051,0.01206256,0.08127415,0.097607516,0.091078706,0.39058578,0.012061578,0.051635463,0.038303766
258,NER,2021,1.0,0.16134502,0.0784045,0.03268355,0.13067913,0.15569963,0.075583965,0.07305911,0.19936699,0.09317813
259,NER,2022,1.0,0.077321164,0.5061981,0.0288467,0.06811631,0.07513564,0.08747245,0.03002483,0.08559146,0.041293304
260,NER,2023,1.0,0.08050194,0.25491026,0.0513369,0.09290456,0.15283397,0.15627256,0.08425249,0.08345746,0.043529857
261,NIC,2016,1.0,0.037168026,0.03715058,0.03718536,0.7026478,0.03715724,0.037166677,0.037153605,0.03716592,0.03720482
262,NIC,2018,1.0,0.17785524,0.066579394,0.061711434,0.22842795,0.03189429,0.17156874,0.11500568,0.10007427,0.046883002
263,NIC,2019,1.0,0.117252715,0.057532053,0.08368339,0.14566569,0.08228731,0.22544558,0.07168946,0.16694097,0.04950283
264,NIC,2020,1.0,0.22567974,0.039102267,0.059800547,0.12820114,0.16785635,0.08146833,0.15892322,0.06552287,0.073445514
265,NIC,2021,1.0,0.12258902,0.076981306,0.049916875,0.19006369,0.063448876,0.13175663,0.09783657,0.2096544,0.057752613
266,NIC,2022,1.0,0.13461503,0.11743415,0.0721198,0.19572668,0.10363416,0.09448236,0.12104046,0.10227928,0.058668066
267,NIC,2023,1.0,0.0998608,0.09323919,0.0425472,0.07890622,0.043598395,0.16831948,0.14431706,0.31254488,0.016666792
268,NPL,2018,1.0,0.0884877,0.06624006,0.06634565,0.0907841,0.13393709,0.16066451,0.074742846,0.1843659,0.13443214
269,NPL,2019,1.0,0.10157441,0.10141486,0.07560937,0.14458326,0.09089483,0.1565783,0.06689884,0.18239328,0.080052845
270,NPL,2020,1.0,0.110502884,0.10848663,0.04313053,0.106148764,0.11437166,0.17422782,0.0775435,0.16607027,0.099517964
271,NPL,2021,1.0,0.11775375,0.19269806,0.049301676,0.08814047,0.07120605,0.14824888,0.09616833,0.18379003,0.052692775
272,NPL,2022,1.0,0.11009019,0.13421197,0.0594089,0.14159824,0.15776715,0.12905341,0.07127134,0.124582954,0.07201585
273,NPL,2023,1.0,0.078011736,0.18509951,0.07916742,0.13880014,0.09583606,0.13680358,0.07786454,0.1434755,0.06494148
274,OMN,2018,1.0,0.11472156,0.11852102,0.035665337,0.19625615,0.07039273,0.17645775,0.051606927,0.14490053,0.091478005
275,OMN,2019,1.0,0.13815227,0.10802874,0.078722164,0.13711412,0.07531609,0.19684012,0.064022034,0.109005876,0.09279858
276,OMN,2020,1.0,0.12252522,0.09542386,0.061363596,0.13491404,0.13394688,0.14684515,0.06730789,0.12792313,0.10975021
277,OMN,2021,1.0,0.123596996,0.13960087,0.059613176,0.1992286,0.057753142,0.0950109,0.091999695,0.16456899,0.06862763
278,OMN,2022,1.0,0.09689897,0.13389318,0.0807147,0.2259014,0.05275744,0.11285162,0.082985885,0.0893306,0.124666214
279,OMN,2023,1.0,0.17319797,0.07272556,0.08769005,0.14532997,0.0720403,0.1197029,0.071969576,0.09022662,0.16711706
280,PER,2016,1.0,0.15761425,0.21835983,0.06533706,0.065354146,0.065348335,0.23195268,0.06534996,0.06534272,0.06534103
281,PER,2017,1.0,0.24418995,0.12076782,0.18203968,0.044274434,0.16733466,0.04426969,0.044268314,0.04426845,0.10858703
282,PER,2018,1.0,0.10447767,0.11405034,0.085424915,0.13209873,0.079725154,0.18490337,0.09578989,0.110585615,0.09294431
283,PER,2019,1.0,0.1456473,0.10435819,0.08908896,0.1186704,0.056104567,0.18037286,0.07622004,0.1592252,0.07031247
284,PER,2020,1.0,0.13239153,0.11009859,0.07007923,0.10140348,0.1224741,0.14789748,0.11684651,0.11727332,0.08153575
285,PER,2021,1.0,0.118408866,0.12206649,0.07167066,0.18610159,0.05102935,0.08121681,0.11406148,0.1294805,0.12596427
286,PER,2022,1.0,0.10165413,0.11399142,0.084756866,0.16683511,0.066671394,0.095814295,0.07760514,0.17825301,0.114418626
287,PER,2023,1.0,0.11279956,0.12254043,0.07248531,0.22255051,0.05174913,0.1117503,0.08482608,0.1455436,0.075755045
288,PNG,2018,1.0,0.40811548,0.008577306,0.008573788,0.22499101,0.008573417,0.008574739,0.008572797,0.0085761165,0.3154453
289,PNG,2019,1.0,0.44555894,0.0129729435,0.083055645,0.10558832,0.01297126,0.012977968,0.15114808,0.036684047,0.13904278
290,PNG,2020,1.0,0.107018866,0.13003786,0.038530853,0.038543563,0.03853371,0.36722368,0.1025214,0.13905953,0.038530506
291,PNG,2021,1.0,0.471985,0.009496537,0.0094985375,0.009501002,0.0095011145,0.009499121,0.009496646,0.20755535,0.2634667
292,PNG,2022,1.0,0.20961754,0.15340197,0.014397624,0.16438338,0.014396275,0.014401808,0.014400518,0.31507367,0.09992717
293,PRY,2016,1.0,0.05554135,0.05559216,0.055556983,0.05555061,0.5555584,0.05553982,0.055544734,0.055575397,0.055540558
294,PRY,2018,1.0,0.24044402,0.16828878,0.08235219,0.11124079,0.086505674,0.06798939,0.07151667,0.09407766,0.0775848
295,PRY,2019,1.0,0.1453058,0.14386863,0.12942506,0.106958896,0.07083794,0.11272917,0.13556734,0.08569249,0.06961466
296,PRY,2020,1.0,0.16109064,0.11090893,0.09815738,0.075525366,0.102310546,0.14765228,0.10941223,0.13949561,0.055447012
297,PRY,2021,1.0,0.14960954,0.13973004,0.07562842,0.12022725,0.06689322,0.123951934,0.10971735,0.15923904,0.05500321
298,PRY,2022,1.0,0.18926312,0.13628845,0.09017132,0.14356689,0.06073304,0.12726997,0.10604019,0.09421996,0.052447073
299,PRY,2023,1.0,0.18978335,0.20543359,0.06587391,0.12837523,0.061304633,0.13042611,0.105850644,0.05902802,0.053924516
300,SDN,2018,1.0,0.092686154,0.11482864,0.094476946,0.07515334,0.05645626,0.21767735,0.09731857,0.081824325,0.16957843
301,SDN,2019,1.0,0.09361967,0.058629625,0.07895758,0.20430708,0.08676635,0.18528752,0.07711581,0.11267944,0.10263692
302,SDN,2020,1.0,0.036530904,0.09832165,0.060973305,0.121895164,0.08764161,0.2699427,0.068811215,0.16011687,0.09576659
303,SDN,2021,1.0,0.12240322,0.07182164,0.03002224,0.08766861,0.12654114,0.18886793,0.13195832,0.14090532,0.0998116
304,SDN,2022,1.0,0.11676939,0.11052704,0.045043185,0.10552355,0.052539002,0.08628717,0.27399692,0.105265945,0.104047805
305,SDN,2023,1.0,0.08648293,0.48008952,0.015466173,0.020508403,0.025720695,0.15597439,0.04148609,0.115644254,0.058627523
306,SEN,2017,1.0,0.027807968,0.02779957,0.7775626,0.027798712,0.0277935,0.027793787,0.027797725,0.027806502,0.027839603
307,SEN,2018,1.0,0.33258286,0.03642953,0.034816626,0.12980835,0.022065436,0.21192102,0.08140987,0.10797577,0.042990547
308,SEN,2019,1.0,0.09152744,0.091236725,0.030169014,0.114698246,0.061927784,0.18286024,0.06839918,0.24958117,0.109600216
309,SEN,2020,1.0,0.112901956,0.21570395,0.026042875,0.12228746,0.037747428,0.18162212,0.08484613,0.14427783,0.07457025
310,SEN,2021,1.0,0.111097075,0.10867102,0.05205843,0.16252145,0.060813908,0.14595823,0.10897947,0.18854436,0.061356056
311,SEN,2022,1.0,0.10551709,0.15849246,0.088023,0.17124927,0.12729122,0.0743698,0.09215628,0.1038814,0.07901947
312,SEN,2023,1.0,0.10176549,0.22429264,0.07302521,0.13749531,0.052016377,0.1390923,0.07540765,0.17137912,0.02552591
313,SOM,2018,1.0,0.0993049,0.09580644,0.033010714,0.14566988,0.06646363,0.2059098,0.064525425,0.23388305,0.055426177
314,SOM,2019,1.0,0.06434222,0.10115871,0.06069086,0.14135206,0.08751458,0.15448648,0.068513125,0.2514246,0.07051738
315,SOM,2020,1.0,0.05974684,0.06875056,0.06396639,0.13165955,0.078773856,0.24290651,0.052484915,0.23621215,0.065499224
316,SOM,2021,1.0,0.06796729,0.07374567,0.025854077,0.15269686,0.11407701,0.22015555,0.046187323,0.24814323,0.051172998
317,SOM,2022,1.0,0.09016235,0.12931205,0.1524583,0.106519744,0.096389055,0.1549743,0.040052753,0.151852,0.07827945
318,SOM,2023,1.0,0.042022485,0.066948965,0.3167933,0.16640353,0.056573953,0.0979487,0.023358308,0.04346792,0.18648285
319,SSD,2018,1.0,0.020692797,0.19209108,0.08194112,0.043055024,0.3892587,0.020690989,0.020688444,0.110922776,0.12065904
320,SSD,2019,1.0,0.09203349,0.04898919,0.10919629,0.08641753,0.08758529,0.15516481,0.115392156,0.15335466,0.15186657
321,SSD,2020,1.0,0.035644155,0.026053077,0.2875064,0.044276558,0.046709076,0.09132031,0.023321766,0.051191077,0.3939776
322,SSD,2021,1.0,0.026818288,0.04457147,0.23951368,0.05008543,0.03417709,0.07459458,0.026708052,0.06344775,0.44008365
323,SSD,2022,1.0,0.11019421,0.120755605,0.08219131,0.16240564,0.07779942,0.115220785,0.068168916,0.14708544,0.11617865
324,SSD,2023,1.0,0.122601055,0.05122626,0.05348193,0.09911618,0.023079673,0.040080782,0.079589576,0.07903303,0.45179152
325,SWZ,2017,1.0,0.7036675,0.037034154,0.037019093,0.037023142,0.037068132,0.037017204,0.037033807,0.037063215,0.03707375
326,SWZ,2018,1.0,0.1191729,0.12804614,0.03200642,0.14197627,0.08723964,0.18249817,0.05786366,0.20813544,0.043061357
327,SWZ,2019,1.0,0.13850737,0.15003836,0.07773586,0.108955435,0.043430682,0.14254871,0.03327941,0.11660285,0.18890132
328,SWZ,2020,1.0,0.051718052,0.15456714,0.08100669,0.07287804,0.040532246,0.13270602,0.05942343,0.21986607,0.18730232
329,SWZ,2021,1.0,0.1129801,0.18097174,0.04204529,0.10917753,0.14108163,0.08227384,0.11304448,0.05270098,0.16572443
330,SWZ,2022,1.0,0.09687994,0.09276313,0.036795903,0.1728195,0.14189893,0.19410816,0.10133264,0.08194344,0.081458375
331,SWZ,2023,1.0,0.12841411,0.014190463,0.058554497,0.058295414,0.15186605,0.13909899,0.0684038,0.1150036,0.26617306
332,TCD,2018,1.0,0.15244722,0.15080799,0.06067633,0.037095807,0.114770256,0.266591,0.143413,0.03710096,0.037097443
333,TCD,2019,1.0,0.061893012,0.16108795,0.019507868,0.2464801,0.019509014,0.32629392,0.019509807,0.12620893,0.019509394
334,TCD,2020,1.0,0.11805668,0.011716165,0.036254644,0.040175233,0.19218479,0.3520662,0.060901385,0.1769254,0.011719543
335,TCD,2021,1.0,0.098979406,0.17161085,0.030809194,0.093433,0.03952408,0.116995096,0.1655465,0.10168455,0.18141732
336,TCD,2022,1.0,0.046526656,0.046526793,0.0822112,0.083906285,0.06345872,0.08231352,0.046525873,0.46695715,0.081573814
337,TCD,2023,1.0,0.07018397,0.034833785,0.066001214,0.040613897,0.009872066,0.13701388,0.014768169,0.25543287,0.37128013
338,TJK,2018,1.0,0.12942748,0.46894708,0.010651981,0.049967892,0.29837748,0.010657465,0.0106567945,0.010658234,0.01065559
339,TJK,2019,1.0,0.050752725,0.063284256,0.034960054,0.08568121,0.27037513,0.11429086,0.102514535,0.2084152,0.06972605
