,ISO_A3,year,cluster,0,1,2,3,4,5,6,7,8,9,10,11,12
0,ALB,2018,2.0,0.054380026,0.054225076,0.06651655,0.13665159,0.073862724,0.07019157,0.055001292,0.057834778,0.17881142,0.05354477,0.024077622,0.036138657,0.13876392
1,ALB,2019,2.0,0.05738721,0.08230667,0.029014686,0.1521244,0.11405276,0.064281754,0.06260568,0.053331252,0.10679178,0.07807344,0.046096906,0.059615854,0.0943176
2,ALB,2020,2.0,0.04204933,0.091162734,0.02196601,0.15945227,0.060787026,0.076245524,0.051310007,0.05368879,0.12083465,0.051185787,0.038276866,0.038153637,0.19488737
3,ALB,2021,2.0,0.0477694,0.08979,0.032073997,0.17031084,0.076939724,0.056866094,0.048812952,0.048198372,0.08798349,0.062080834,0.07425433,0.038823716,0.16609626
4,ALB,2022,2.0,0.07675615,0.05948217,0.053756874,0.11284192,0.06177994,0.05801188,0.04037202,0.06400191,0.119233534,0.04433739,0.132189,0.044790644,0.13244656
5,ALB,2023,2.0,0.032672264,0.12922776,0.05537531,0.24722475,0.04394084,0.040372178,0.033064872,0.07174904,0.09706153,0.047166415,0.029890334,0.04801892,0.124235764
6,AUS,2015,2.0,0.04296076,0.25446093,0.011130245,0.073195115,0.10539974,0.011130211,0.07956042,0.011130205,0.11376778,0.08253089,0.1108353,0.037567053,0.06633135
7,AUS,2016,2.0,0.0372272,0.09915474,0.060193148,0.07446303,0.20903504,0.031079939,0.09268437,0.097216986,0.094365865,0.07232699,0.06241917,0.038216665,0.031616848
8,AUS,2017,2.0,0.028961824,0.08333033,0.029525347,0.08086324,0.1494538,0.05937871,0.08629384,0.10041393,0.084460124,0.087920554,0.04270031,0.055242147,0.111455835
9,AUS,2018,2.0,0.049337458,0.090111405,0.036389947,0.12583414,0.11294189,0.07811206,0.064618595,0.055430852,0.13896918,0.06145202,0.04534163,0.040026043,0.10143478
10,AUS,2019,2.0,0.047755647,0.08991822,0.03644736,0.1284665,0.10185551,0.070885584,0.066461,0.060035218,0.14066471,0.07113321,0.045984335,0.04171466,0.09867807
11,AUS,2020,2.0,0.046632808,0.07794452,0.03429472,0.13567226,0.109500356,0.07204921,0.06505295,0.06025678,0.11208011,0.07248085,0.057641063,0.041776765,0.11461761
12,AUS,2021,2.0,0.071321756,0.07633429,0.04407562,0.12938976,0.07174071,0.068513304,0.052588537,0.067106016,0.09103308,0.06495605,0.0936216,0.055985145,0.11333413
13,AUS,2022,2.0,0.0884662,0.058341514,0.051214717,0.10573637,0.07318064,0.077888384,0.054134585,0.07267801,0.085635446,0.072327025,0.119219564,0.06468141,0.07649615
14,AUS,2023,2.0,0.08133496,0.06717527,0.045480374,0.1220222,0.07344917,0.08377195,0.056594726,0.07100579,0.09512464,0.06357706,0.0970855,0.051594365,0.09178399
15,AUT,2016,2.0,0.019257732,0.2774884,0.019257719,0.019257747,0.5106759,0.01925773,0.019257868,0.019257825,0.019257855,0.019257965,0.019257795,0.019257702,0.0192578
16,AUT,2017,2.0,0.042672195,0.06441806,0.0435184,0.061826807,0.036586877,0.05093146,0.041431136,0.03658686,0.03658687,0.046651334,0.060396224,0.03658685,0.44180694
17,AUT,2018,2.0,0.04434886,0.07622884,0.035870343,0.14530484,0.13770272,0.07148268,0.054853305,0.05199998,0.16382106,0.05425181,0.046648398,0.03448383,0.08300333
18,AUT,2019,2.0,0.053590152,0.08300918,0.034178182,0.1496867,0.07446026,0.073268756,0.05285665,0.0515931,0.1694912,0.054925226,0.051634766,0.046914086,0.104391746
19,AUT,2020,2.0,0.05219002,0.06315815,0.034786027,0.1390051,0.13413896,0.06840164,0.06314577,0.053010713,0.09597741,0.082765706,0.059401896,0.040780872,0.113237746
20,AUT,2021,2.0,0.06534465,0.06893493,0.044341914,0.12396277,0.08146279,0.080012076,0.043456938,0.05847895,0.08943133,0.066579536,0.12542397,0.04928121,0.10328893
21,AUT,2022,2.0,0.09396894,0.050487977,0.055358224,0.11529563,0.058513768,0.08686089,0.06945288,0.061107792,0.07658344,0.07149964,0.12632984,0.06467457,0.0698664
22,AUT,2023,2.0,0.07640963,0.07661759,0.05327416,0.092816554,0.062237114,0.06274611,0.06995311,0.08877911,0.08370213,0.11553041,0.08842291,0.045084994,0.08442619
23,BEL,2016,2.0,0.08646428,0.12399097,0.023249986,0.023250476,0.14119835,0.3141329,0.02325003,0.023250345,0.02325018,0.023250254,0.023250178,0.023250125,0.14821194
24,BEL,2017,2.0,0.023742413,0.05135549,0.034499336,0.07075513,0.17012161,0.09010348,0.14014159,0.13219611,0.063070394,0.08629832,0.06357537,0.039456017,0.034684744
25,BEL,2018,2.0,0.039867576,0.0970081,0.031880762,0.09757581,0.117260434,0.091162235,0.06662845,0.052594617,0.16758183,0.056210037,0.051776055,0.041904744,0.08854935
26,BEL,2019,2.0,0.054505978,0.089035526,0.036131907,0.10373844,0.09731856,0.08528902,0.05921453,0.056632083,0.16353175,0.06367717,0.044570185,0.03868904,0.10766583
27,BEL,2020,2.0,0.045313567,0.08275142,0.03438831,0.121110946,0.10070486,0.07969562,0.06149301,0.06736527,0.1457359,0.059284538,0.04576644,0.043716993,0.11267312
28,BEL,2021,2.0,0.07198749,0.089532256,0.039350525,0.1243056,0.069622785,0.056647338,0.047691304,0.06025992,0.117929,0.06445236,0.08130255,0.05297742,0.12394146
29,BEL,2022,2.0,0.11627535,0.070726246,0.04971317,0.09253496,0.06287388,0.06696445,0.048613306,0.058827057,0.08676312,0.058548626,0.103768684,0.10842339,0.07596776
30,BEL,2023,2.0,0.075853154,0.073629916,0.03931712,0.096872784,0.07620205,0.07354521,0.056234866,0.0785657,0.10779408,0.057612095,0.12391811,0.048144203,0.09231072
31,BIH,2018,2.0,0.042178575,0.09213098,0.04259587,0.14402848,0.079235636,0.078684606,0.047670726,0.04638418,0.14388081,0.06539074,0.0414181,0.06446905,0.11193225
32,BIH,2019,2.0,0.06337189,0.11774082,0.039030474,0.121638544,0.063530155,0.0834693,0.054583047,0.047034398,0.13396683,0.076309055,0.045195024,0.045218356,0.108912095
33,BIH,2020,2.0,0.055366814,0.07325554,0.038340103,0.124644406,0.07694935,0.050661433,0.074709855,0.056638423,0.11504216,0.07799596,0.06902442,0.049347583,0.13802396
34,BIH,2021,2.0,0.07635642,0.10119676,0.04257781,0.13660784,0.05384996,0.06746957,0.053215995,0.05414373,0.09439841,0.060665585,0.06794914,0.04811911,0.1434497
35,BIH,2022,2.0,0.09117171,0.07233279,0.05448527,0.091030836,0.063239455,0.07249327,0.06900911,0.06900997,0.10960111,0.06385092,0.102572195,0.05483897,0.0863644
36,BIH,2023,2.0,0.08382598,0.09367959,0.0710109,0.09760983,0.050503887,0.060135737,0.09059357,0.0635978,0.09796082,0.055400655,0.09028333,0.05024921,0.09514866
37,BRN,2018,2.0,0.060556453,0.041948926,0.10212921,0.04605208,0.14206688,0.1244428,0.064042866,0.05860172,0.086047955,0.07664178,0.02237733,0.11544435,0.05964765
38,BRN,2019,2.0,0.04888508,0.06270724,0.032111317,0.12585276,0.1776346,0.06463056,0.052456114,0.091572426,0.108021475,0.098439574,0.043539155,0.054726716,0.03942299
39,BRN,2020,2.0,0.041840494,0.03690728,0.04821626,0.06396309,0.15601978,0.07126369,0.049559608,0.09086787,0.14225246,0.09277321,0.049336933,0.045212306,0.111787006
40,BRN,2021,2.0,0.06499159,0.052950248,0.021155158,0.17465538,0.06465033,0.047500227,0.06951842,0.1178999,0.07069443,0.06647829,0.048211984,0.049941912,0.15135212
41,BRN,2022,2.0,0.12581556,0.033214573,0.07562578,0.07157846,0.059842527,0.06691143,0.075819425,0.10983719,0.07880661,0.06334108,0.11074419,0.072681926,0.055781253
42,BRN,2023,2.0,0.090512626,0.043406427,0.13699317,0.015653571,0.028878292,0.19548137,0.015653525,0.071208715,0.015653543,0.10426748,0.17260459,0.015653547,0.09403315
43,CAN,2015,2.0,0.041208073,0.021464195,0.07146357,0.25145358,0.120994546,0.062238485,0.041769378,0.03893751,0.054301143,0.1413741,0.03876041,0.021464188,0.09457083
44,CAN,2016,2.0,0.05126814,0.059484966,0.048005387,0.054032642,0.18627563,0.0983907,0.09779233,0.08987574,0.08438331,0.038368396,0.083741374,0.039652,0.06872939
45,CAN,2017,2.0,0.050962567,0.05722026,0.044896096,0.055336323,0.14450558,0.09072715,0.0886268,0.112294026,0.092257164,0.082700446,0.07792937,0.040525757,0.062018458
46,CAN,2018,2.0,0.050223865,0.07615715,0.03927996,0.11370893,0.11203367,0.0748609,0.0631457,0.07417267,0.13177015,0.07543572,0.056067314,0.04103703,0.09210694
47,CAN,2019,2.0,0.051799726,0.0757831,0.040511236,0.1232277,0.10410297,0.077675626,0.064873785,0.07804147,0.1294083,0.063661896,0.052472163,0.04472389,0.09371813
48,CAN,2020,2.0,0.047979392,0.071256846,0.03767375,0.13298106,0.10244702,0.081581615,0.06677652,0.076773115,0.11147748,0.071863264,0.053603265,0.04344924,0.102137424
49,CAN,2021,2.0,0.059686184,0.06253515,0.06712325,0.11636532,0.06557882,0.057699826,0.055616807,0.08509604,0.09432771,0.059802268,0.11549228,0.05309484,0.10758152
50,CAN,2022,2.0,0.06828192,0.053972255,0.080931954,0.09790401,0.057101917,0.057075515,0.045194577,0.070005685,0.07088085,0.05354847,0.22398166,0.050333217,0.070787966
51,CAN,2023,2.0,0.07390974,0.06421752,0.10985411,0.11996172,0.060174663,0.0694974,0.06076347,0.06925372,0.07921204,0.056011546,0.09257677,0.06014496,0.084422335
52,CHE,2015,2.0,0.0054983874,0.005498316,0.0054982495,0.38068876,0.0054982556,0.0054982784,0.005498297,0.005498347,0.005498298,0.005498275,0.005498237,0.005498287,0.5588301
53,CHE,2016,2.0,0.09235767,0.020459354,0.020459305,0.020459196,0.20249589,0.29923972,0.020459669,0.020459289,0.13952155,0.020459449,0.020459356,0.073868774,0.049300745
54,CHE,2017,2.0,0.020558082,0.020558026,0.06352549,0.04791516,0.12530474,0.118205145,0.06087269,0.100617595,0.12855063,0.13057278,0.10658832,0.044921357,0.031809963
55,CHE,2018,2.0,0.04985474,0.11976542,0.03933921,0.09521039,0.07833024,0.097445086,0.059999622,0.046641774,0.175354,0.049421933,0.043733727,0.041253608,0.103650264
56,CHE,2019,2.0,0.05208393,0.09795218,0.037025042,0.13276504,0.0798178,0.08676687,0.058087554,0.04237116,0.17137845,0.056029357,0.04242722,0.037035912,0.106259465
57,CHE,2020,2.0,0.05914962,0.0871782,0.035006076,0.12809959,0.088225484,0.09291975,0.06350726,0.046937894,0.15150201,0.048700094,0.04352098,0.04428397,0.11096905
58,CHE,2021,2.0,0.065023646,0.07245573,0.042054337,0.11679893,0.06731482,0.076301016,0.051311743,0.06955127,0.09163886,0.06364083,0.10715786,0.07372777,0.10302317
59,CHE,2022,2.0,0.07658811,0.06569776,0.043321904,0.09476917,0.061659016,0.08703586,0.06019452,0.07138517,0.088323876,0.06605544,0.11237555,0.08346478,0.08912885
60,CHE,2023,2.0,0.06513349,0.10545656,0.041808914,0.09668128,0.05338891,0.08076101,0.06950792,0.05926604,0.10873138,0.06358783,0.0842906,0.04302919,0.12835687
61,CHL,2015,2.0,0.009678539,0.13572776,0.009678514,0.009678547,0.14007744,0.37178773,0.009678529,0.009678518,0.0096785445,0.009678517,0.13661996,0.009678539,0.13835889
62,CHL,2018,2.0,0.046114177,0.12659979,0.03783922,0.10154199,0.11737614,0.06568654,0.05646751,0.061545882,0.121407524,0.059689645,0.05775981,0.04711939,0.1008524
63,CHL,2019,2.0,0.05070567,0.064540066,0.04300029,0.108403526,0.15297088,0.07854518,0.06538472,0.05715028,0.09393398,0.06732628,0.057350397,0.051693257,0.108995475
64,CHL,2020,2.0,0.040094253,0.08614534,0.050732445,0.113341436,0.10196501,0.06986755,0.057447802,0.070742674,0.10777798,0.06654346,0.058884975,0.05201643,0.12444064
65,CHL,2021,2.0,0.089087956,0.079131655,0.05489533,0.114443265,0.066878736,0.07227852,0.04577034,0.08182741,0.065306075,0.06584475,0.089659646,0.062211107,0.112665206
66,CHL,2022,2.0,0.07423492,0.049752273,0.046077333,0.08921957,0.0686094,0.068644434,0.049588256,0.06989722,0.06916194,0.055470876,0.1756123,0.09464856,0.08908289
67,CHL,2023,2.0,0.027722288,0.18191957,0.012404507,0.053304583,0.030030616,0.023556255,0.023380164,0.030286863,0.24880877,0.112971544,0.15321921,0.036032215,0.06636342
68,CHN,2015,2.0,0.038462244,0.038462117,0.03846214,0.038462125,0.03846212,0.03846215,0.03846212,0.038462266,0.038462132,0.038462117,0.5384542,0.0384622,0.03846212
69,CHN,2016,2.0,0.012423637,0.012423742,0.012423642,0.06796221,0.46431503,0.21023762,0.08768388,0.012423608,0.045625586,0.012423617,0.012423668,0.03721015,0.012423602
70,CHN,2017,2.0,0.013133205,0.11131578,0.075756736,0.013133287,0.51600146,0.17872734,0.013133152,0.013133152,0.013133164,0.013133247,0.013133147,0.01313313,0.013133212
71,CHN,2018,2.0,0.049903695,0.11632906,0.033784244,0.117867455,0.12619004,0.07723882,0.04850456,0.04153648,0.16237016,0.04828585,0.035663586,0.03949649,0.102829576
72,CHN,2019,2.0,0.044953357,0.103847146,0.035119314,0.12291415,0.12474664,0.07455547,0.056196257,0.043339983,0.15790986,0.05570191,0.04279723,0.036684778,0.101233914
73,CHN,2020,2.0,0.062699825,0.0999032,0.03346338,0.11594484,0.10494211,0.07648868,0.05436319,0.045527097,0.12145168,0.075722635,0.048592083,0.03765304,0.12324824
74,CHN,2021,2.0,0.08462315,0.12546985,0.04919565,0.10188852,0.05636835,0.07913162,0.07153853,0.053995892,0.09461469,0.06665723,0.06998645,0.04452826,0.10200179
75,CHN,2022,2.0,0.09351199,0.122805245,0.047896523,0.096658096,0.060031667,0.067657836,0.05288957,0.056024574,0.09722417,0.06360135,0.09658425,0.050684974,0.094429746
76,CHN,2023,2.0,0.09077095,0.14901973,0.035497673,0.09209593,0.059958987,0.0695384,0.059921723,0.04986081,0.104178794,0.051162623,0.08226002,0.056469392,0.099264964
77,CRI,2015,2.0,0.019248603,0.019248642,0.019248629,0.01924848,0.019248886,0.7690161,0.019248672,0.019248692,0.019248901,0.01924865,0.019248597,0.019248582,0.019248525
78,CRI,2018,2.0,0.051560003,0.0603751,0.059139132,0.09270489,0.10737887,0.08997718,0.029388987,0.0662579,0.10084252,0.089365415,0.08224574,0.07812611,0.09263814
79,CRI,2019,2.0,0.04947693,0.06512004,0.04921582,0.11404831,0.09825721,0.0888132,0.05351585,0.06656996,0.11303768,0.06816415,0.11668593,0.053569306,0.06352562
80,CRI,2020,2.0,0.038047228,0.074612945,0.05311706,0.11637904,0.09939009,0.06718031,0.056501877,0.06406478,0.091069154,0.03380854,0.1838531,0.048544105,0.073431775
81,CRI,2021,2.0,0.05706232,0.051939037,0.056262687,0.07753446,0.06798187,0.06462628,0.030390577,0.08075613,0.07363009,0.06252155,0.23213887,0.09117286,0.05398329
82,CRI,2022,2.0,0.08257616,0.067027375,0.05279132,0.120510995,0.052064896,0.06349805,0.052589353,0.067539014,0.07873662,0.0611786,0.13793017,0.06759652,0.09596094
83,CRI,2023,2.0,0.108083285,0.056909863,0.046136107,0.10508159,0.047539346,0.08744054,0.045248475,0.059147153,0.12825379,0.076511584,0.10001735,0.057723887,0.08190703
84,CZE,2017,2.0,0.09210024,0.03327814,0.033278108,0.033278223,0.3046577,0.07996564,0.053093094,0.033278164,0.116217546,0.0570685,0.067817986,0.0626885,0.033278156
85,CZE,2018,2.0,0.048904486,0.075762965,0.04396767,0.12601879,0.09915703,0.081329346,0.07059284,0.054498907,0.11309591,0.09766962,0.059457798,0.035487182,0.09405747
86,CZE,2019,2.0,0.043523747,0.083375715,0.034855317,0.14503746,0.11903572,0.083446585,0.059176587,0.042321175,0.12168635,0.06005317,0.046730056,0.037601046,0.12315708
87,CZE,2020,2.0,0.05476761,0.083298236,0.03990319,0.16821164,0.082674555,0.070732355,0.05949106,0.057947904,0.1062243,0.07258258,0.032131206,0.03984153,0.13219383
88,CZE,2021,2.0,0.070170484,0.07435027,0.037669435,0.12759641,0.06594798,0.066630535,0.04473564,0.058224756,0.07603386,0.06801396,0.09735751,0.07139296,0.1418762
89,CZE,2022,2.0,0.03844231,0.13222703,0.02394129,0.039116982,0.03000385,0.26346627,0.024640722,0.028696436,0.036966756,0.027618682,0.06160856,0.25949046,0.0337806
90,CZE,2023,2.0,0.08351243,0.06813743,0.04271544,0.115914285,0.06331922,0.0780897,0.07520828,0.054848105,0.119612224,0.0641019,0.083686545,0.04778395,0.10307049
91,DEU,2015,2.0,0.0132767875,0.107285835,0.013276679,0.013276714,0.09878679,0.013276638,0.10565834,0.17993626,0.14657396,0.20558393,0.076514825,0.013276595,0.013276665
92,DEU,2016,2.0,0.026855912,0.018794402,0.010998995,0.015970247,0.36121345,0.037117694,0.018421216,0.07932204,0.023783933,0.16152109,0.21541291,0.010998972,0.01958913
93,DEU,2017,2.0,0.019998636,0.03454407,0.019049225,0.025772844,0.31649655,0.054961067,0.030175146,0.03143138,0.04919998,0.14650919,0.21003313,0.019396711,0.042432074
94,DEU,2018,2.0,0.056403406,0.12057465,0.034486696,0.102895536,0.08652389,0.08958465,0.0534988,0.052708693,0.15113322,0.056401562,0.05293507,0.03868833,0.1041655
95,DEU,2019,2.0,0.054714978,0.09447207,0.036689244,0.10926072,0.08800391,0.092385754,0.051553763,0.05322054,0.17170587,0.06505639,0.046075843,0.04175594,0.09510497
96,DEU,2020,2.0,0.05260042,0.096874855,0.03545132,0.12165871,0.09241965,0.08149714,0.05710152,0.06212458,0.1285591,0.06540679,0.047065683,0.04230206,0.11693818
97,DEU,2021,2.0,0.07165715,0.08592675,0.044445362,0.10815811,0.06756327,0.07308227,0.05599223,0.060551874,0.086971626,0.06462846,0.1189292,0.058291372,0.10380231
98,DEU,2022,2.0,0.12706493,0.07149945,0.050748426,0.08257906,0.05613235,0.07723394,0.05227471,0.059665814,0.07388983,0.06068227,0.14517453,0.06856703,0.07448765
99,DEU,2023,2.0,0.07087672,0.06791003,0.16686545,0.08456016,0.059864186,0.07437526,0.06259312,0.062125884,0.08172065,0.04918918,0.09614732,0.046806015,0.07696601
100,DNK,2016,2.0,0.053306952,0.017321697,0.017321646,0.13121891,0.22980373,0.10330159,0.050791,0.1254693,0.017321685,0.095761776,0.045800764,0.017321745,0.0952592
101,DNK,2017,2.0,0.02940771,0.029407715,0.029407775,0.029407779,0.16429384,0.029407725,0.029407963,0.029407835,0.34562066,0.19600774,0.029407846,0.029407712,0.029407695
102,DNK,2018,2.0,0.051523373,0.09886517,0.036019098,0.13046473,0.076337904,0.07567508,0.06534793,0.052440945,0.14070179,0.06883716,0.046863373,0.04998937,0.106934085
103,DNK,2019,2.0,0.044520013,0.10969772,0.037273444,0.12753913,0.078260005,0.07139438,0.062195104,0.05207059,0.16358656,0.063446686,0.042340253,0.04107251,0.106603615
104,DNK,2020,2.0,0.049053006,0.11564408,0.03293716,0.11890401,0.085141174,0.09900488,0.07219973,0.048326384,0.1475807,0.07144565,0.034881223,0.036420416,0.08846158
105,DNK,2021,2.0,0.07641302,0.084814444,0.03370406,0.119261414,0.07725518,0.07129493,0.05571856,0.05245547,0.08615528,0.06882857,0.12114954,0.057296343,0.095653206
106,DNK,2022,2.0,0.092213996,0.06289467,0.048281867,0.11025644,0.06873006,0.06825341,0.064843014,0.06861133,0.08897236,0.066470414,0.13321812,0.055308487,0.07194584
107,DNK,2023,2.0,0.058656715,0.09645549,0.053823724,0.13683581,0.0703379,0.06430437,0.05543842,0.06740096,0.098936714,0.074129984,0.09101306,0.058928926,0.07373792
108,ESP,2015,2.0,0.03219615,0.0321962,0.032196123,0.18789308,0.27591565,0.16670287,0.032196175,0.032196183,0.032196432,0.032196134,0.07972273,0.03219613,0.032196153
109,ESP,2016,2.0,0.026807604,0.05852011,0.055859976,0.0996489,0.1774172,0.074384294,0.08597847,0.07317915,0.034141127,0.078090996,0.09679454,0.049767308,0.08941032
110,ESP,2017,2.0,0.0506033,0.053730562,0.051836196,0.086004026,0.14031132,0.067005426,0.06580948,0.045906547,0.108305186,0.07249016,0.14817053,0.058217783,0.05160949
111,ESP,2018,2.0,0.04723733,0.08855094,0.03556405,0.113245994,0.11988152,0.07241892,0.055271283,0.05765188,0.11761843,0.061577562,0.083166055,0.041543916,0.10627212
112,ESP,2019,2.0,0.046210453,0.12378401,0.03376027,0.10050751,0.109800495,0.079942524,0.045739196,0.0453246,0.15306091,0.052825466,0.059867956,0.03376273,0.11541387
113,ESP,2020,2.0,0.05072145,0.07829742,0.039184913,0.12618244,0.08523778,0.072641335,0.055093102,0.05570599,0.14094572,0.06546313,0.07253523,0.0496662,0.10832529
114,ESP,2021,2.0,0.06463636,0.07741683,0.039684217,0.10942593,0.06444388,0.058546674,0.047037076,0.111455075,0.08927858,0.06523461,0.106339246,0.05736097,0.10914055
115,ESP,2022,2.0,0.061727483,0.046061736,0.044793993,0.065924145,0.07491019,0.062868014,0.04686344,0.05175926,0.060361136,0.051366977,0.120568566,0.23691177,0.07588328
116,ESP,2023,2.0,0.07469097,0.06106425,0.04823814,0.08815244,0.06823091,0.073401436,0.063815065,0.06819263,0.075660944,0.06647927,0.1670749,0.05775635,0.08724269
117,EST,2016,2.0,0.029322527,0.02932255,0.19584751,0.029322503,0.2441052,0.029322676,0.029322622,0.029322544,0.19597197,0.029322535,0.02932251,0.029322503,0.10017239
118,EST,2018,2.0,0.0555765,0.10187301,0.03291262,0.1085495,0.07536736,0.06967211,0.060753677,0.028768515,0.16948289,0.061279718,0.0476903,0.039500047,0.14857379
119,EST,2019,2.0,0.044957694,0.10820743,0.039499532,0.15054418,0.05744217,0.05913635,0.043147285,0.045489836,0.17209294,0.05179106,0.03496604,0.028654573,0.16407092
120,EST,2020,2.0,0.027465418,0.086039186,0.0465252,0.14965287,0.08578231,0.048076462,0.039377373,0.052197363,0.1347456,0.05934702,0.04479474,0.044974152,0.18102232
121,EST,2021,2.0,0.1118503,0.093920045,0.04522038,0.10143513,0.042831242,0.07646169,0.063057475,0.055588096,0.09517634,0.07211804,0.107046135,0.049111746,0.08618339
122,EST,2022,2.0,0.09262246,0.050215166,0.08145614,0.053617533,0.05953455,0.0818234,0.0565018,0.054723468,0.05247003,0.1007992,0.18187296,0.0872198,0.0471435
123,EST,2023,2.0,0.060325015,0.046678085,0.21575147,0.07549595,0.066988975,0.0708831,0.059009694,0.060801946,0.083178855,0.041811734,0.122166425,0.04685089,0.050057847
124,FIN,2016,2.0,0.025655605,0.02565561,0.025655592,0.025655631,0.025656378,0.35898793,0.025655607,0.025655653,0.025655754,0.025655597,0.35879943,0.025655594,0.025655625
125,FIN,2017,2.0,0.025645621,0.025645882,0.025645562,0.025645828,0.025645716,0.025645789,0.025646191,0.025645638,0.025645563,0.025645893,0.025645586,0.025645616,0.69225115
126,FIN,2018,2.0,0.043502238,0.07395435,0.03652519,0.13592744,0.08161906,0.081019364,0.04661696,0.04918304,0.2034491,0.04976099,0.043786135,0.05684836,0.09780778
127,FIN,2019,2.0,0.045807645,0.08714679,0.041994914,0.11479865,0.10477482,0.062932886,0.063269,0.04993587,0.18845282,0.054382082,0.054780353,0.053524703,0.07819947
128,FIN,2020,2.0,0.04207634,0.07852128,0.038178395,0.1234124,0.1424595,0.07200948,0.06254983,0.042316753,0.12901315,0.072303735,0.056543674,0.040076993,0.10053847
129,FIN,2021,2.0,0.05559016,0.06222772,0.051183507,0.1266746,0.07802595,0.06896156,0.0468372,0.06927208,0.08197515,0.058310103,0.11323874,0.08048924,0.107214
130,FIN,2022,2.0,0.08809335,0.063884,0.052565627,0.11522538,0.06846539,0.081473395,0.049596466,0.06371214,0.075426325,0.06749111,0.11959629,0.07031741,0.08415313
131,FIN,2023,2.0,0.07251981,0.066754445,0.058494337,0.11474093,0.0828085,0.07693109,0.059270147,0.076639436,0.09557227,0.07925267,0.0857402,0.054929577,0.076346576
132,FRA,2015,2.0,0.051814005,0.024836926,0.052615482,0.05208057,0.1566118,0.14325531,0.05346026,0.066502936,0.09427642,0.089053474,0.06650351,0.07433952,0.0746498
133,FRA,2016,2.0,0.048171196,0.033149533,0.09627345,0.14268592,0.1157465,0.06666364,0.03957607,0.2004317,0.041348696,0.05644355,0.087253675,0.04911103,0.023145035
134,FRA,2017,2.0,0.066510126,0.08653416,0.047222685,0.091284044,0.15753752,0.02722765,0.093080714,0.07200429,0.08887266,0.044472814,0.11072956,0.035368662,0.079155125
135,FRA,2018,2.0,0.05423532,0.08404136,0.040435158,0.10647059,0.09387403,0.07629313,0.060237754,0.053103223,0.14708146,0.062165752,0.06396997,0.042836264,0.115256004
136,FRA,2019,2.0,0.044816725,0.08247211,0.03611798,0.11474182,0.09161043,0.080886304,0.05453567,0.054404896,0.1385077,0.06186039,0.07537422,0.058395132,0.106276624
137,FRA,2020,2.0,0.048806634,0.07386828,0.039044913,0.11840982,0.09354133,0.075522736,0.063659385,0.059393574,0.10519606,0.068972684,0.072686076,0.046145838,0.13475266
138,FRA,2021,2.0,0.074226454,0.06828976,0.045638707,0.10555157,0.06252112,0.06632278,0.06336149,0.06397352,0.08308905,0.064580336,0.14173135,0.055253863,0.105459996
139,FRA,2022,2.0,0.08224426,0.060364973,0.054197613,0.082428485,0.07821079,0.079613805,0.05965989,0.06948292,0.0836154,0.06737945,0.14305174,0.073791385,0.0659593
140,FRA,2023,2.0,0.07439896,0.060383815,0.049619265,0.0788729,0.06459051,0.07032039,0.05822719,0.064865075,0.09971016,0.06221553,0.18492267,0.060868282,0.071005255
141,FRO,2019,2.0,0.011924306,0.011924283,0.011924354,0.011924287,0.38698083,0.011924302,0.011924266,0.278674,0.011924293,0.011924349,0.011924393,0.14409027,0.082936056
142,FRO,2022,2.0,0.016045392,0.01604546,0.016045367,0.01604538,0.29836774,0.18128355,0.108636566,0.17618614,0.016045492,0.0160454,0.016045403,0.107162684,0.016045427
143,GBR,2015,2.0,0.052079335,0.19022423,0.016909773,0.06963871,0.19043297,0.053079557,0.03584472,0.10573922,0.058781125,0.06072874,0.06085683,0.04453572,0.061149064
144,GBR,2016,2.0,0.04986749,0.08096355,0.048068542,0.047109835,0.21898708,0.05315335,0.08892563,0.07667536,0.12940548,0.062098816,0.0734968,0.032197133,0.039050918
145,GBR,2017,2.0,0.035639077,0.07424346,0.057360735,0.05297814,0.17336424,0.06618839,0.08133564,0.069618054,0.112920105,0.09154551,0.08328088,0.036725767,0.064800024
146,GBR,2018,2.0,0.052188855,0.07845843,0.03678646,0.11373544,0.09926393,0.08494216,0.07293517,0.066010684,0.14149296,0.074523605,0.05608557,0.04344113,0.080135584
147,GBR,2019,2.0,0.048786335,0.07577422,0.03612725,0.11715778,0.09836594,0.085570365,0.07352984,0.067348346,0.14242838,0.074133545,0.053451344,0.050911047,0.07641561
148,GBR,2020,2.0,0.04511135,0.082309864,0.033377357,0.11833926,0.09150627,0.08887557,0.077264905,0.06235851,0.12689401,0.068804555,0.04789848,0.06114753,0.096112326
149,GBR,2021,2.0,0.06253115,0.08434223,0.03870256,0.12507811,0.068132214,0.06941143,0.05841267,0.06123546,0.097490646,0.07159433,0.10719616,0.052812677,0.103060365
150,GBR,2022,2.0,0.07584191,0.069463864,0.053617097,0.105810806,0.07358672,0.07581689,0.058083504,0.06682044,0.09243238,0.06968014,0.1272951,0.05364001,0.07791113
151,GBR,2023,2.0,0.06906598,0.070927165,0.0516292,0.12067236,0.08060479,0.088707805,0.068059936,0.0644392,0.104049206,0.07032805,0.08329193,0.047476962,0.08074741
152,GRC,2014,2.0,0.009635008,0.009635037,0.00963504,0.009634977,0.009635266,0.009635049,0.009635015,0.009635008,0.38006428,0.009635206,0.36404052,0.15954457,0.009634996
153,GRC,2016,2.0,0.025648268,0.025648143,0.025648015,0.6922199,0.025649602,0.025648182,0.025648009,0.025648033,0.025648247,0.02564806,0.02564914,0.025648093,0.02564826
154,GRC,2018,2.0,0.045673873,0.10935798,0.05022835,0.10061083,0.10916276,0.062170118,0.062027637,0.063613854,0.118812166,0.06322339,0.04645078,0.05916446,0.10950378
155,GRC,2019,2.0,0.04405802,0.06935841,0.04136304,0.10831784,0.12943543,0.06897249,0.055896085,0.061716553,0.13434492,0.07459153,0.057116218,0.067122884,0.08770657
156,GRC,2020,2.0,0.047035728,0.06666581,0.04809136,0.13644564,0.094790354,0.071592964,0.06312495,0.08246657,0.09776088,0.060674682,0.08222627,0.055933263,0.093191504
157,GRC,2021,2.0,0.06942171,0.07504098,0.042843215,0.11739618,0.06645768,0.07087021,0.049815603,0.0749788,0.09127149,0.06350584,0.10624887,0.06929079,0.102858625
158,GRC,2022,2.0,0.07768332,0.055738527,0.049792502,0.104006685,0.06877828,0.08057809,0.09263246,0.07348826,0.074566856,0.061550204,0.119324096,0.0728854,0.06897532
159,GRC,2023,2.0,0.08464302,0.05576846,0.05674558,0.10211758,0.07247745,0.10397404,0.071456134,0.059423387,0.0676601,0.072930366,0.08742491,0.0773722,0.08800676
160,HRV,2017,2.0,0.038500674,0.5379919,0.038500674,0.038500674,0.038500674,0.038500674,0.038500674,0.038500674,0.038500674,0.038500674,0.038500678,0.038500674,0.038500674
161,HRV,2018,2.0,0.017932288,0.11830139,0.08294093,0.085016824,0.14281444,0.113490544,0.025737204,0.04304508,0.04598621,0.14069831,0.09088767,0.056872357,0.036276754
162,HRV,2019,2.0,0.054678943,0.123918146,0.036058977,0.07806842,0.12010323,0.1042927,0.040050216,0.081585504,0.115161136,0.09342353,0.07778974,0.024819393,0.05005008
163,HRV,2020,2.0,0.039818183,0.10320134,0.030863728,0.032980938,0.22967073,0.06965786,0.052027807,0.08374855,0.075649984,0.10733004,0.07806493,0.023488088,0.07349783
164,HRV,2021,2.0,0.03669216,0.084825195,0.015993193,0.054383915,0.34616992,0.05299497,0.07742022,0.06316176,0.07640514,0.07630054,0.052747887,0.017234372,0.045670733
165,HRV,2022,2.0,0.040875573,0.24933031,0.02667768,0.027978422,0.2098658,0.11504394,0.029696386,0.042408813,0.04315463,0.03899969,0.057595987,0.097610384,0.020762384
166,HRV,2023,2.0,0.016503042,0.16648367,0.116261646,0.10964817,0.052015197,0.016503006,0.016503032,0.016503012,0.26244625,0.016503004,0.016503006,0.01650306,0.17762388
167,HUN,2018,2.0,0.08054438,0.09714223,0.04174351,0.1268486,0.0972935,0.05585647,0.047469486,0.03964207,0.117068976,0.06370351,0.059142403,0.035308648,0.13823622
168,HUN,2019,2.0,0.056834407,0.124230705,0.046174143,0.1050219,0.08928843,0.08078605,0.04861457,0.049601316,0.10641899,0.08207102,0.039735347,0.031728595,0.13949454
169,HUN,2020,2.0,0.044406638,0.10397511,0.03248762,0.10262899,0.06600149,0.04587941,0.037367906,0.06563265,0.07686853,0.044034295,0.047003202,0.064724565,0.2689896
170,HUN,2021,2.0,0.06413667,0.09990338,0.041291565,0.1143619,0.07016936,0.0584498,0.052161265,0.06161404,0.08879141,0.060662497,0.10137367,0.054225177,0.13285926
171,HUN,2022,2.0,0.060916577,0.049949016,0.034730703,0.06335414,0.050192166,0.0542024,0.046050716,0.0392043,0.047246516,0.044470884,0.38807827,0.045741197,0.07586309
172,HUN,2023,2.0,0.0860908,0.090293154,0.05297472,0.10110179,0.060581055,0.115869634,0.055078022,0.048823457,0.09534396,0.061265543,0.07435437,0.07229726,0.08592623
173,IMN,2017,2.0,0.019242506,0.019242488,0.01924256,0.019242408,0.019243615,0.7690874,0.01924264,0.019242715,0.019242512,0.019243147,0.01924308,0.01924241,0.019242542
174,IMN,2018,2.0,0.026555095,0.07599399,0.018704912,0.11632501,0.16905828,0.06305689,0.040291134,0.0839982,0.22585456,0.049071714,0.036575314,0.041327205,0.053187694
175,IMN,2019,2.0,0.03434704,0.11686896,0.029580813,0.14177707,0.069300026,0.07547797,0.08478863,0.03843801,0.13928293,0.054765683,0.044182133,0.042040143,0.1291506
176,IMN,2020,2.0,0.052718014,0.13804886,0.035897885,0.1302803,0.0630349,0.09203092,0.05126887,0.03549745,0.13190974,0.06713199,0.04426901,0.043464735,0.11444734
177,IMN,2021,2.0,0.052235574,0.060444407,0.033646498,0.23900765,0.05730682,0.07114713,0.056629542,0.060713496,0.0838486,0.06592654,0.03460889,0.04443449,0.14005037
178,IMN,2022,2.0,0.06134437,0.06263375,0.03665609,0.2123742,0.08123795,0.052088503,0.050342362,0.056818355,0.11033177,0.059519827,0.058360286,0.04290226,0.11539028
179,IMN,2023,2.0,0.054101303,0.0427864,0.01453907,0.26853612,0.06780091,0.068799496,0.030243093,0.05865717,0.08281313,0.07147596,0.040159147,0.05366038,0.14642783
180,IRN,2015,2.0,0.025650697,0.02565118,0.025650712,0.025650704,0.6921907,0.025650894,0.025650846,0.025650697,0.025650697,0.025650697,0.025650697,0.025650697,0.025650779
181,IRN,2018,2.0,0.05730589,0.13607123,0.028671708,0.052950807,0.082501724,0.06142073,0.051530086,0.021064155,0.0865817,0.17339605,0.027355045,0.023359053,0.1977918
182,IRN,2019,2.0,0.047218274,0.08998318,0.034009706,0.08371322,0.10896325,0.100932315,0.037339576,0.045307733,0.11641405,0.096149676,0.037370443,0.035328474,0.16727011
183,IRN,2020,2.0,0.039683197,0.11967606,0.025852505,0.109496854,0.07748612,0.071224906,0.05109215,0.031353824,0.07907855,0.13054745,0.033894274,0.03940582,0.1912083
184,IRN,2021,2.0,0.10742927,0.10177496,0.03255433,0.09161482,0.07869427,0.07968593,0.04137889,0.052310694,0.09292749,0.07504884,0.074762635,0.06417118,0.10764669
185,IRN,2022,2.0,0.11766351,0.21889642,0.07761046,0.08583525,0.042259537,0.039639533,0.025009211,0.050634187,0.03058417,0.029853066,0.18677391,0.039896213,0.055344537
186,IRN,2023,2.0,0.08732311,0.11166608,0.1177404,0.058241494,0.05528041,0.07009791,0.034018405,0.03849156,0.059972886,0.050378732,0.17417082,0.04696046,0.09565774
187,ISL,2016,2.0,0.26918742,0.019237353,0.019237287,0.07187017,0.3700377,0.019237386,0.019237304,0.11576886,0.019237226,0.019237397,0.019237405,0.019237308,0.019237194
188,ISL,2018,2.0,0.044655703,0.13124494,0.029947352,0.15202881,0.08013037,0.06488488,0.051862236,0.05424884,0.14896722,0.05170753,0.043524124,0.023995133,0.12280285
189,ISL,2019,2.0,0.050259043,0.095938325,0.03602357,0.1537428,0.09676015,0.057667457,0.060887635,0.056730334,0.13341118,0.06584532,0.038034204,0.04454612,0.11015387
190,ISL,2020,2.0,0.06523887,0.08046851,0.044346496,0.1930997,0.12363488,0.059928674,0.057208285,0.04363616,0.15861964,0.06648325,0.036808193,0.03936486,0.031162463
191,ISL,2021,2.0,0.060363248,0.06435248,0.03762682,0.10265517,0.08315376,0.06666691,0.05809792,0.058989875,0.0756344,0.052513372,0.19138592,0.097756065,0.050804053
192,ISL,2022,2.0,0.049099565,0.04761917,0.044120435,0.05902644,0.059517663,0.066573516,0.25007105,0.060954113,0.052630324,0.044971604,0.13946182,0.0901908,0.035763506
193,ISL,2023,2.0,0.05668591,0.078398205,0.065252416,0.056294996,0.058499273,0.057896826,0.12591216,0.07633782,0.12610808,0.05375392,0.095016785,0.07708305,0.072760575
194,ITA,2015,2.0,0.02391398,0.06440197,0.107848935,0.06324694,0.13119985,0.04921858,0.023914225,0.16978757,0.023913987,0.07946769,0.10724501,0.077023245,0.078818016
195,ITA,2016,2.0,0.021182075,0.08446088,0.100215234,0.02118204,0.02118217,0.117851496,0.021181991,0.021182084,0.15449008,0.12117656,0.1382159,0.021181962,0.15649754
196,ITA,2017,2.0,0.07184539,0.05678144,0.07741963,0.05488372,0.12016523,0.12878378,0.053786475,0.05872389,0.06341419,0.0873987,0.09431891,0.05558291,0.07689574
197,ITA,2018,2.0,0.046884675,0.073960505,0.045991853,0.10013941,0.11503831,0.097621426,0.061845075,0.064001456,0.11010475,0.07401698,0.07655476,0.046012454,0.08782837
198,ITA,2019,2.0,0.04671493,0.0716482,0.04446892,0.1111372,0.111388825,0.10820331,0.06011711,0.0692432,0.10156484,0.062251184,0.08542837,0.041359965,0.08647396
199,ITA,2020,2.0,0.05466792,0.061526846,0.048485715,0.12864023,0.10233788,0.1155835,0.061594483,0.06306585,0.0854617,0.06888675,0.060101356,0.046969477,0.10267829
200,ITA,2021,2.0,0.04903826,0.054288343,0.06518507,0.087289825,0.065474354,0.11078086,0.036668446,0.05155583,0.06411699,0.057155475,0.23784362,0.052787352,0.06781557
201,ITA,2022,2.0,0.06161104,0.056183532,0.07709953,0.062554345,0.054675106,0.08876161,0.051913094,0.058255803,0.0562289,0.0656788,0.23055129,0.070892334,0.06559462
202,ITA,2023,2.0,0.06320018,0.04642183,0.050766908,0.07082823,0.06452431,0.09632486,0.10612359,0.08049561,0.06546636,0.07129831,0.16295698,0.06583583,0.05575701
203,JPN,2016,2.0,0.05561989,0.038465366,0.062767744,0.0625682,0.24219549,0.084932975,0.17239454,0.07122102,0.025536116,0.056780886,0.06299549,0.025536045,0.038986262
204,JPN,2017,2.0,0.02057149,0.0868942,0.020571182,0.020571332,0.21243119,0.11691032,0.09799892,0.05403908,0.049195163,0.16141233,0.046835613,0.02057122,0.09199798
205,JPN,2018,2.0,0.06417403,0.08283163,0.04455674,0.09194913,0.09903934,0.067331776,0.07033521,0.059115376,0.130525,0.08562559,0.056641754,0.04725029,0.10062412
206,JPN,2019,2.0,0.056508355,0.07571979,0.04064599,0.10635576,0.08894477,0.06396728,0.065199286,0.059741512,0.15193006,0.06318325,0.0638117,0.049936347,0.11405588
207,JPN,2020,2.0,0.053725857,0.08261879,0.04005826,0.11475801,0.09031382,0.067745596,0.06971818,0.052088853,0.09898631,0.08600409,0.053213015,0.049429532,0.14133967
208,JPN,2021,2.0,0.07422812,0.0627538,0.061277565,0.09561738,0.08590846,0.062035736,0.053949606,0.058889516,0.08114435,0.0679594,0.14251904,0.061387967,0.092329055
209,JPN,2022,2.0,0.07759274,0.057443894,0.054738082,0.07101456,0.06744089,0.07665639,0.048072238,0.061315488,0.07239461,0.07926444,0.21380763,0.050761178,0.06949784
210,JPN,2023,2.0,0.07784983,0.055380538,0.059442475,0.0873316,0.093060315,0.07480317,0.05140219,0.074786015,0.09431671,0.06261415,0.13768183,0.06227238,0.069058806
211,KAZ,2018,2.0,0.09401928,0.14596568,0.040985707,0.05597232,0.060947202,0.14493868,0.02258022,0.026937848,0.19116886,0.026319498,0.04227437,0.022542717,0.12534763
212,KAZ,2019,2.0,0.10204637,0.16877985,0.044451173,0.043410785,0.074908964,0.045151178,0.070401594,0.03249031,0.10390873,0.05063271,0.028082494,0.026671229,0.2090646
213,KAZ,2020,2.0,0.060791586,0.104403645,0.051006317,0.100713015,0.082650065,0.052908204,0.06910777,0.035538338,0.10370029,0.084587246,0.04693697,0.0214994,0.18615717
214,KAZ,2021,2.0,0.07786688,0.126162,0.036596406,0.08039499,0.06976415,0.09992204,0.06190112,0.04702532,0.102454424,0.062368423,0.06921578,0.05314829,0.11318018
215,KAZ,2022,2.0,0.073973484,0.04525176,0.06482342,0.08003632,0.056423407,0.097777836,0.061678488,0.05192667,0.1085373,0.05825134,0.18150632,0.07522809,0.04458557
216,KAZ,2023,2.0,0.08605192,0.051446315,0.056099974,0.07301696,0.054067064,0.0738125,0.09081745,0.065298855,0.07030257,0.046771858,0.195195,0.06370524,0.07341431
217,KOR,2016,2.0,0.016676866,0.016676817,0.016676925,0.016676918,0.18984717,0.17503315,0.06664228,0.20415615,0.12788844,0.016676962,0.016676996,0.06885416,0.067517176
218,KOR,2017,2.0,0.022440437,0.022440888,0.022440381,0.022440482,0.5809753,0.02244058,0.022441337,0.17217799,0.022440787,0.022440538,0.022440434,0.022440355,0.022440456
219,KOR,2018,2.0,0.052917916,0.087657705,0.038364474,0.1011388,0.0764965,0.06757393,0.04237252,0.046120107,0.22085266,0.071634114,0.04694782,0.070286185,0.07763728
220,KOR,2019,2.0,0.052718196,0.08375457,0.039113823,0.11228243,0.080551416,0.07247344,0.050422326,0.055300195,0.17787877,0.06254248,0.0373149,0.058840014,0.11680744
221,KOR,2020,2.0,0.05062263,0.08467264,0.04162209,0.10419747,0.13457696,0.06082079,0.1049704,0.053875577,0.08710674,0.06537818,0.04390635,0.036535222,0.13171494
222,KOR,2021,2.0,0.06985342,0.053507626,0.036924735,0.06731634,0.06274169,0.14972332,0.11453898,0.04052614,0.07044974,0.054146215,0.14200799,0.058826294,0.07943751
223,KOR,2022,2.0,0.07914056,0.10025175,0.050681915,0.056977984,0.061082408,0.14984441,0.043055773,0.054797366,0.13658361,0.05395531,0.10252094,0.052605323,0.058502644
224,KOR,2023,2.0,0.12511791,0.07811161,0.050018787,0.06826056,0.050991386,0.10852963,0.050609738,0.050723355,0.09162759,0.05647787,0.13089062,0.05244612,0.086194806
225,LBN,2017,2.0,0.02566619,0.02566682,0.025666188,0.025666226,0.025666201,0.39466587,0.025666293,0.025666196,0.025666254,0.025666216,0.32300502,0.025666308,0.025666194
226,LBN,2018,2.0,0.024787974,0.074988484,0.03325013,0.11829601,0.10592454,0.07084944,0.06370963,0.07762934,0.15081814,0.057803817,0.056008738,0.050454427,0.115479335
227,LBN,2019,2.0,0.061228726,0.087090574,0.034836862,0.12603205,0.110624455,0.08677544,0.05657742,0.05288919,0.09384695,0.06634846,0.04262644,0.054910306,0.12621312
228,LBN,2020,2.0,0.06831634,0.06715762,0.03505541,0.17418525,0.0734386,0.07680522,0.056206666,0.058868203,0.09002696,0.07376109,0.038585834,0.04262002,0.14497279
229,LBN,2021,2.0,0.0560513,0.084809296,0.044551365,0.137066,0.06489017,0.08242131,0.0543321,0.051801756,0.07688059,0.06956939,0.065588675,0.044495434,0.16754262
230,LBN,2022,2.0,0.051920384,0.07477914,0.03616273,0.08767593,0.050473142,0.07125938,0.041464806,0.043480605,0.057908613,0.2795549,0.06993508,0.04801981,0.087365456
231,LBN,2023,2.0,0.06423209,0.07734156,0.035447493,0.13420983,0.054637745,0.08871363,0.06774112,0.06474196,0.10433409,0.061799947,0.064235605,0.05347642,0.12908852
232,LTU,2018,2.0,0.059731204,0.09828587,0.04532664,0.08063416,0.08475347,0.071037814,0.06356482,0.0745905,0.1729163,0.06884288,0.06790586,0.041787267,0.07062323
233,LTU,2019,2.0,0.047336996,0.08817113,0.041153748,0.060322072,0.11508201,0.089073576,0.056599095,0.074960865,0.15448461,0.052649036,0.08725102,0.042695735,0.090220094
234,LTU,2020,2.0,0.05327226,0.104648136,0.04523225,0.124780744,0.0356901,0.07302781,0.046683036,0.039837867,0.13643062,0.103147976,0.08996268,0.039968982,0.10731752
235,LTU,2021,2.0,0.08679043,0.06910983,0.04440955,0.0897332,0.05701697,0.052147828,0.05374314,0.058166225,0.09382406,0.079812884,0.15114465,0.05058958,0.11351165
236,LTU,2022,2.0,0.07157535,0.0592712,0.051858418,0.10122922,0.054935344,0.089329004,0.05994432,0.066362895,0.07329323,0.08038246,0.11602349,0.06920077,0.10659431
237,LTU,2023,2.0,0.09591219,0.06234451,0.019597206,0.13328676,0.052892454,0.06551596,0.052568384,0.03993083,0.121781096,0.084577285,0.10830972,0.070263594,0.09302003
238,LUX,2017,2.0,0.00857017,0.15124726,0.13676544,0.008570132,0.29294187,0.008570167,0.008570214,0.008570416,0.17634414,0.008570128,0.008570223,0.17413966,0.008570134
239,LUX,2018,2.0,0.056443702,0.090605944,0.025587957,0.0942716,0.11038988,0.054450598,0.064601846,0.041902803,0.19489342,0.045497283,0.03983344,0.06837545,0.11314607
240,LUX,2019,2.0,0.035465736,0.10977927,0.029304879,0.106675304,0.09977274,0.064182304,0.040411286,0.035584755,0.18977544,0.091818556,0.030513242,0.06784998,0.09886651
241,LUX,2020,2.0,0.052329134,0.07943236,0.025024323,0.13534124,0.048630796,0.07175855,0.053779054,0.059205096,0.15592219,0.040761624,0.0569022,0.08193751,0.1389759
242,LUX,2021,2.0,0.069447376,0.056185476,0.041037273,0.11026835,0.04276086,0.044153046,0.06357252,0.06422167,0.054704268,0.07841087,0.07364022,0.038209762,0.2633883
